k, Re(omega1), Im(omega1), Re(omega2), Im(omega2), ... [by BO]
+1.00000e+01 	+6.33183e+01 	+4.48272e+00 	
+1.05000e+01 	+6.76339e+01 	+5.82233e+00 	
+1.10000e+01 	+7.20099e+01 	+6.88049e+00 	
+1.15000e+01 	+7.64346e+01 	+7.74662e+00 	
+1.20000e+01 	+8.08984e+01 	+8.45954e+00 	
+1.25000e+01 	+8.53917e+01 	+9.03984e+00 	
+1.30000e+01 	+8.99047e+01 	+9.50021e+00 	
+1.35000e+01 	+9.44275e+01 	+9.84972e+00 	
+1.40000e+01 	+9.89500e+01 	+1.00959e+01 	
+1.45000e+01 	+1.03463e+02 	+1.02461e+01 	
+1.50000e+01 	+1.07955e+02 	+1.03079e+01 	
+1.55000e+01 	+1.12420e+02 	+1.02898e+01 	
+1.60000e+01 	+1.16849e+02 	+1.02011e+01 	
+1.65000e+01 	+1.21235e+02 	+1.00519e+01 	
+1.70000e+01 	+1.25576e+02 	+9.85301e+00 	
+1.75000e+01 	+1.29869e+02 	+9.61486e+00 	
+1.80000e+01 	+1.34115e+02 	+9.34751e+00 	
+1.85000e+01 	+1.38314e+02 	+9.05993e+00 	
+1.90000e+01 	+1.42469e+02 	+8.75979e+00 	
+1.95000e+01 	+1.46586e+02 	+8.45328e+00 	
+2.00000e+01 	+1.50667e+02 	+8.14520e+00 	
+2.05000e+01 	+1.54717e+02 	+7.83908e+00 	
+2.10000e+01 	+1.58740e+02 	+7.53743e+00 	
+2.15000e+01 	+1.62739e+02 	+7.24191e+00 	
+2.20000e+01 	+1.66718e+02 	+6.95357e+00 	
+2.25000e+01 	+1.70680e+02 	+6.67300e+00 	
+2.30000e+01 	+1.74627e+02 	+6.40048e+00 	
+2.35000e+01 	+1.78561e+02 	+6.13606e+00 	
+2.40000e+01 	+1.82484e+02 	+5.87966e+00 	
+2.45000e+01 	+1.86397e+02 	+5.63110e+00 	
+2.50000e+01 	+1.90302e+02 	+5.39015e+00 	
+2.55000e+01 	+1.94200e+02 	+5.15657e+00 	
+2.60000e+01 	+1.98092e+02 	+4.93010e+00 	
+2.65000e+01 	+2.01978e+02 	+4.71051e+00 	
+2.70000e+01 	+2.05859e+02 	+4.49754e+00 	
+2.75000e+01 	+2.09736e+02 	+4.29100e+00 	
+2.80000e+01 	+2.13609e+02 	+4.09068e+00 	
+2.85000e+01 	+2.17479e+02 	+3.89641e+00 	
+2.90000e+01 	+2.21346e+02 	+3.70806e+00 	
+2.95000e+01 	+2.25209e+02 	+3.52548e+00 	
+3.00000e+01 	+2.29071e+02 	+3.34857e+00 	
+3.05000e+01 	+2.32930e+02 	+3.17726e+00 	
+3.10000e+01 	+2.36787e+02 	+3.01146e+00 	
+3.15000e+01 	+2.40642e+02 	+2.85115e+00 	
+3.20000e+01 	+2.44495e+02 	+2.69628e+00 	
+3.25000e+01 	+2.48347e+02 	+2.54685e+00 	
+3.30000e+01 	+2.52197e+02 	+2.40287e+00 	
+3.35000e+01 	+2.56045e+02 	+2.26436e+00 	
+3.40000e+01 	+2.59892e+02 	+2.13135e+00 	
+3.45000e+01 	+2.63738e+02 	+2.00390e+00 	
+3.50000e+01 	+2.67583e+02 	+1.88208e+00 	
+3.55000e+01 	+2.71426e+02 	+1.76597e+00 	
+3.60000e+01 	+2.75267e+02 	+1.65568e+00 	
+3.65000e+01 	+2.79108e+02 	+1.55130e+00 	
+3.70000e+01 	+2.82947e+02 	+1.45298e+00 	
+3.75000e+01 	+2.86785e+02 	+1.36086e+00 	
+3.80000e+01 	+2.90622e+02 	+1.27509e+00 	
+3.85000e+01 	+2.94457e+02 	+1.19586e+00 	
+3.90000e+01 	+2.98291e+02 	+1.12335e+00 	
+3.95000e+01 	+3.02123e+02 	+1.05777e+00 	
+4.00000e+01 	+3.05954e+02 	+9.99363e-01 	
+4.05000e+01 	+3.09783e+02 	+9.48362e-01 	
+4.10000e+01 	+3.13610e+02 	+9.05038e-01 	
+4.15000e+01 	+3.17436e+02 	+8.69679e-01 	
+4.20000e+01 	+3.21259e+02 	+8.42594e-01 	
+4.25000e+01 	+3.25081e+02 	+8.24118e-01 	
+4.30000e+01 	+3.28899e+02 	+8.14606e-01 	
+4.35000e+01 	+3.32716e+02 	+8.14443e-01 	
+4.40000e+01 	+3.36529e+02 	+8.24038e-01 	
+4.45000e+01 	+3.40340e+02 	+8.43831e-01 	
+4.50000e+01 	+3.44147e+02 	+8.74291e-01 	
+4.55000e+01 	+3.47950e+02 	+9.15916e-01 	
+4.60000e+01 	+3.51750e+02 	+9.69238e-01 	
+4.65000e+01 	+3.55544e+02 	+1.03482e+00 	
+4.70000e+01 	+3.59334e+02 	+1.11327e+00 	
+4.75000e+01 	+3.63117e+02 	+1.20521e+00 	
+4.80000e+01 	+3.66895e+02 	+1.31130e+00 	
+4.85000e+01 	+3.70665e+02 	+1.43224e+00 	
+4.90000e+01 	+3.74427e+02 	+1.56874e+00 	
+4.95000e+01 	+3.78180e+02 	+1.72155e+00 	
+5.00000e+01 	+3.81922e+02 	+1.89141e+00 	
+5.05000e+01 	+3.85653e+02 	+2.07907e+00 	
+5.10000e+01 	+3.89371e+02 	+2.28526e+00 	
+5.15000e+01 	+3.93075e+02 	+2.51067e+00 	
+5.20000e+01 	+3.96761e+02 	+2.75592e+00 	
+5.25000e+01 	+4.00429e+02 	+3.02151e+00 	
+5.30000e+01 	+4.04076e+02 	+3.30783e+00 	
+5.35000e+01 	+4.07698e+02 	+3.61501e+00 	
+5.40000e+01 	+4.11294e+02 	+3.94294e+00 	
+5.45000e+01 	+4.14860e+02 	+4.29116e+00 	
+5.50000e+01 	+4.18392e+02 	+4.65880e+00 	
+5.55000e+01 	+4.21888e+02 	+5.04449e+00 	
+5.60000e+01 	+4.25343e+02 	+5.44633e+00 	
+5.65000e+01 	+4.28754e+02 	+5.86178e+00 	
+5.70000e+01 	+4.32118e+02 	+6.28773e+00 	
+5.75000e+01 	+4.35432e+02 	+6.72044e+00 	
+5.80000e+01 	+4.38693e+02 	+7.15568e+00 	
+5.85000e+01 	+4.41900e+02 	+7.58874e+00 	
+5.90000e+01 	+4.45050e+02 	+8.01466e+00 	
+5.95000e+01 	+4.48145e+02 	+8.42829e+00 	
+6.00000e+01 	+4.51182e+02 	+8.82453e+00 	
+6.05000e+01 	+4.54165e+02 	+9.19840e+00 	
+6.10000e+01 	+4.57093e+02 	+9.54520e+00 	
+6.15000e+01 	+4.59969e+02 	+9.86054e+00 	
+6.20000e+01 	+4.62794e+02 	+1.01405e+01 	
+6.25000e+01 	+4.65571e+02 	+1.03814e+01 	
+6.30000e+01 	+4.68303e+02 	+1.05801e+01 	
+6.35000e+01 	+4.70992e+02 	+1.07338e+01 	
+6.40000e+01 	+4.73642e+02 	+1.08400e+01 	
+6.45000e+01 	+4.76253e+02 	+1.08964e+01 	
+6.50000e+01 	+4.78829e+02 	+1.09010e+01 	
+6.55000e+01 	+4.81373e+02 	+1.08520e+01 	
+6.60000e+01 	+4.83886e+02 	+1.07475e+01 	
+6.65000e+01 	+4.86371e+02 	+1.05859e+01 	
+6.70000e+01 	+4.88829e+02 	+1.03655e+01 	
+6.75000e+01 	+4.91263e+02 	+1.00846e+01 	
+6.80000e+01 	+4.93674e+02 	+9.74129e+00 	
+6.85000e+01 	+4.96063e+02 	+9.33368e+00 	
+6.90000e+01 	+4.98433e+02 	+8.85963e+00 	
+6.95000e+01 	+5.00785e+02 	+8.31674e+00 	
+7.00000e+01 	+5.03119e+02 	+7.70227e+00 	
+7.05000e+01 	+5.05438e+02 	+7.01309e+00 	
+7.10000e+01 	+5.07742e+02 	+6.24553e+00 	
+7.15000e+01 	+5.10032e+02 	+5.39526e+00 	
+7.20000e+01 	+5.12309e+02 	+4.45707e+00 	
+7.25000e+01 	+5.14574e+02 	+3.42463e+00 	
+7.30000e+01 	+5.16827e+02 	+2.29012e+00 	
+7.35000e+01 	+5.19071e+02 	+1.04367e+00 	
+7.40000e+01 	+5.21305e+02 	-3.27436e-01 	
+7.45000e+01 	+5.23532e+02 	-1.84005e+00 	
+7.50000e+01 	+5.25752e+02 	-3.51730e+00 	
