k, Re(omega1), Im(omega1), Re(omega2), Im(omega2), ... [by BO]
+1.00000e+01 	+6.33184e+01 	+4.48281e+00 	
+1.05000e+01 	+6.76340e+01 	+5.82241e+00 	
+1.10000e+01 	+7.20100e+01 	+6.88056e+00 	
+1.15000e+01 	+7.64347e+01 	+7.74668e+00 	
+1.20000e+01 	+8.08986e+01 	+8.45959e+00 	
+1.25000e+01 	+8.53919e+01 	+9.03988e+00 	
+1.30000e+01 	+8.99048e+01 	+9.50024e+00 	
+1.35000e+01 	+9.44276e+01 	+9.84973e+00 	
+1.40000e+01 	+9.89502e+01 	+1.00959e+01 	
+1.45000e+01 	+1.03463e+02 	+1.02461e+01 	
+1.50000e+01 	+1.07956e+02 	+1.03079e+01 	
+1.55000e+01 	+1.12420e+02 	+1.02897e+01 	
+1.60000e+01 	+1.16849e+02 	+1.02010e+01 	
+1.65000e+01 	+1.21236e+02 	+1.00518e+01 	
+1.70000e+01 	+1.25577e+02 	+9.85286e+00 	
+1.75000e+01 	+1.29870e+02 	+9.61468e+00 	
+1.80000e+01 	+1.34115e+02 	+9.34729e+00 	
+1.85000e+01 	+1.38314e+02 	+9.05969e+00 	
+1.90000e+01 	+1.42470e+02 	+8.75952e+00 	
+1.95000e+01 	+1.46586e+02 	+8.45298e+00 	
+2.00000e+01 	+1.50667e+02 	+8.14487e+00 	
+2.05000e+01 	+1.54717e+02 	+7.83874e+00 	
+2.10000e+01 	+1.58740e+02 	+7.53706e+00 	
+2.15000e+01 	+1.62739e+02 	+7.24151e+00 	
+2.20000e+01 	+1.66718e+02 	+6.95315e+00 	
+2.25000e+01 	+1.70680e+02 	+6.67256e+00 	
+2.30000e+01 	+1.74627e+02 	+6.40002e+00 	
+2.35000e+01 	+1.78561e+02 	+6.13558e+00 	
+2.40000e+01 	+1.82484e+02 	+5.87915e+00 	
+2.45000e+01 	+1.86398e+02 	+5.63056e+00 	
+2.50000e+01 	+1.90303e+02 	+5.38958e+00 	
+2.55000e+01 	+1.94201e+02 	+5.15598e+00 	
+2.60000e+01 	+1.98092e+02 	+4.92948e+00 	
+2.65000e+01 	+2.01978e+02 	+4.70985e+00 	
+2.70000e+01 	+2.05859e+02 	+4.49685e+00 	
+2.75000e+01 	+2.09736e+02 	+4.29027e+00 	
+2.80000e+01 	+2.13609e+02 	+4.08992e+00 	
+2.85000e+01 	+2.17479e+02 	+3.89562e+00 	
+2.90000e+01 	+2.21346e+02 	+3.70722e+00 	
+2.95000e+01 	+2.25210e+02 	+3.52460e+00 	
+3.00000e+01 	+2.29071e+02 	+3.34765e+00 	
+3.05000e+01 	+2.32930e+02 	+3.17628e+00 	
+3.10000e+01 	+2.36787e+02 	+3.01044e+00 	
+3.15000e+01 	+2.40642e+02 	+2.85007e+00 	
+3.20000e+01 	+2.44495e+02 	+2.69515e+00 	
+3.25000e+01 	+2.48347e+02 	+2.54566e+00 	
+3.30000e+01 	+2.52197e+02 	+2.40161e+00 	
+3.35000e+01 	+2.56046e+02 	+2.26304e+00 	
+3.40000e+01 	+2.59893e+02 	+2.12996e+00 	
+3.45000e+01 	+2.63738e+02 	+2.00244e+00 	
+3.50000e+01 	+2.67583e+02 	+1.88054e+00 	
+3.55000e+01 	+2.71426e+02 	+1.76435e+00 	
+3.60000e+01 	+2.75268e+02 	+1.65397e+00 	
+3.65000e+01 	+2.79108e+02 	+1.54950e+00 	
+3.70000e+01 	+2.82948e+02 	+1.45108e+00 	
+3.75000e+01 	+2.86785e+02 	+1.35886e+00 	
+3.80000e+01 	+2.90622e+02 	+1.27298e+00 	
+3.85000e+01 	+2.94457e+02 	+1.19364e+00 	
+3.90000e+01 	+2.98291e+02 	+1.12100e+00 	
+3.95000e+01 	+3.02124e+02 	+1.05530e+00 	
+4.00000e+01 	+3.05954e+02 	+9.96757e-01 	
+4.05000e+01 	+3.09784e+02 	+9.45613e-01 	
+4.10000e+01 	+3.13611e+02 	+9.02138e-01 	
+4.15000e+01 	+3.17436e+02 	+8.66619e-01 	
+4.20000e+01 	+3.21260e+02 	+8.39365e-01 	
+4.25000e+01 	+3.25081e+02 	+8.20709e-01 	
+4.30000e+01 	+3.28900e+02 	+8.11007e-01 	
+4.35000e+01 	+3.32717e+02 	+8.10643e-01 	
+4.40000e+01 	+3.36530e+02 	+8.20025e-01 	
+4.45000e+01 	+3.40341e+02 	+8.39591e-01 	
+4.50000e+01 	+3.44148e+02 	+8.69811e-01 	
+4.55000e+01 	+3.47952e+02 	+9.11181e-01 	
+4.60000e+01 	+3.51751e+02 	+9.64234e-01 	
+4.65000e+01 	+3.55546e+02 	+1.02953e+00 	
+4.70000e+01 	+3.59335e+02 	+1.10768e+00 	
+4.75000e+01 	+3.63119e+02 	+1.19929e+00 	
+4.80000e+01 	+3.66897e+02 	+1.30504e+00 	
+4.85000e+01 	+3.70667e+02 	+1.42562e+00 	
+4.90000e+01 	+3.74429e+02 	+1.56175e+00 	
+4.95000e+01 	+3.78182e+02 	+1.71416e+00 	
+5.00000e+01 	+3.81925e+02 	+1.88360e+00 	
+5.05000e+01 	+3.85657e+02 	+2.07082e+00 	
+5.10000e+01 	+3.89375e+02 	+2.27655e+00 	
+5.15000e+01 	+3.93079e+02 	+2.50147e+00 	
+5.20000e+01 	+3.96766e+02 	+2.74622e+00 	
+5.25000e+01 	+4.00434e+02 	+3.01131e+00 	
+5.30000e+01 	+4.04081e+02 	+3.29710e+00 	
+5.35000e+01 	+4.07704e+02 	+3.60376e+00 	
+5.40000e+01 	+4.11301e+02 	+3.93116e+00 	
+5.45000e+01 	+4.14867e+02 	+4.27888e+00 	
+5.50000e+01 	+4.18401e+02 	+4.64603e+00 	
+5.55000e+01 	+4.21897e+02 	+5.03126e+00 	
+5.60000e+01 	+4.25353e+02 	+5.43268e+00 	
+5.65000e+01 	+4.28766e+02 	+5.84778e+00 	
+5.70000e+01 	+4.32131e+02 	+6.27345e+00 	
+5.75000e+01 	+4.35446e+02 	+6.70597e+00 	
+5.80000e+01 	+4.38709e+02 	+7.14111e+00 	
+5.85000e+01 	+4.41917e+02 	+7.57418e+00 	
+5.90000e+01 	+4.45069e+02 	+8.00021e+00 	
+5.95000e+01 	+4.48165e+02 	+8.41407e+00 	
+6.00000e+01 	+4.51204e+02 	+8.81063e+00 	
+6.05000e+01 	+4.54188e+02 	+9.18493e+00 	
+6.10000e+01 	+4.57117e+02 	+9.53225e+00 	
+6.15000e+01 	+4.59994e+02 	+9.84821e+00 	
+6.20000e+01 	+4.62821e+02 	+1.01288e+01 	
+6.25000e+01 	+4.65600e+02 	+1.03705e+01 	
+6.30000e+01 	+4.68333e+02 	+1.05700e+01 	
+6.35000e+01 	+4.71023e+02 	+1.07246e+01 	
+6.40000e+01 	+4.73674e+02 	+1.08318e+01 	
+6.45000e+01 	+4.76286e+02 	+1.08892e+01 	
+6.50000e+01 	+4.78864e+02 	+1.08948e+01 	
+6.55000e+01 	+4.81409e+02 	+1.08469e+01 	
+6.60000e+01 	+4.83923e+02 	+1.07435e+01 	
+6.65000e+01 	+4.86409e+02 	+1.05831e+01 	
+6.70000e+01 	+4.88868e+02 	+1.03640e+01 	
+6.75000e+01 	+4.91303e+02 	+1.00844e+01 	
+6.80000e+01 	+4.93715e+02 	+9.74243e+00 	
+6.85000e+01 	+4.96106e+02 	+9.33627e+00 	
+6.90000e+01 	+4.98477e+02 	+8.86374e+00 	
+6.95000e+01 	+5.00830e+02 	+8.32246e+00 	
+7.00000e+01 	+5.03166e+02 	+7.70971e+00 	
+7.05000e+01 	+5.05486e+02 	+7.02238e+00 	
+7.10000e+01 	+5.07791e+02 	+6.25681e+00 	
+7.15000e+01 	+5.10082e+02 	+5.40870e+00 	
+7.20000e+01 	+5.12360e+02 	+4.47288e+00 	
+7.25000e+01 	+5.14627e+02 	+3.44306e+00 	
+7.30000e+01 	+5.16882e+02 	+2.31148e+00 	
+7.35000e+01 	+5.19128e+02 	+1.06835e+00 	
+7.40000e+01 	+5.21364e+02 	-2.98924e-01 	
+7.45000e+01 	+5.23592e+02 	-1.80703e+00 	
+7.50000e+01 	+5.25814e+02 	-3.47882e+00 	
