k, Re(omega1), Im(omega1), Re(omega2), Im(omega2), ... [by BO]
+1.00000e+01 	+6.31727e+01 	+4.19524e+00 	
+1.05000e+01 	+6.74883e+01 	+5.61223e+00 	
+1.10000e+01 	+7.18646e+01 	+6.71666e+00 	
+1.15000e+01 	+7.62899e+01 	+7.61662e+00 	
+1.20000e+01 	+8.07550e+01 	+8.35684e+00 	
+1.25000e+01 	+8.52504e+01 	+8.96042e+00 	
+1.30000e+01 	+8.97663e+01 	+9.44127e+00 	
+1.35000e+01 	+9.42930e+01 	+9.80909e+00 	
+1.40000e+01 	+9.88206e+01 	+1.00718e+01 	
+1.45000e+01 	+1.03339e+02 	+1.02368e+01 	
+1.50000e+01 	+1.07839e+02 	+1.03117e+01 	
+1.55000e+01 	+1.12311e+02 	+1.03050e+01 	
+1.60000e+01 	+1.16748e+02 	+1.02260e+01 	
+1.65000e+01 	+1.21143e+02 	+1.00849e+01 	
+1.70000e+01 	+1.25493e+02 	+9.89233e+00 	
+1.75000e+01 	+1.29795e+02 	+9.65889e+00 	
+1.80000e+01 	+1.34048e+02 	+9.39481e+00 	
+1.85000e+01 	+1.38254e+02 	+9.10929e+00 	
+1.90000e+01 	+1.42417e+02 	+8.81019e+00 	
+1.95000e+01 	+1.46540e+02 	+8.50397e+00 	
+2.00000e+01 	+1.50626e+02 	+8.19561e+00 	
+2.05000e+01 	+1.54681e+02 	+7.88883e+00 	
+2.10000e+01 	+1.58708e+02 	+7.58626e+00 	
+2.15000e+01 	+1.62711e+02 	+7.28969e+00 	
+2.20000e+01 	+1.66693e+02 	+7.00023e+00 	
+2.25000e+01 	+1.70657e+02 	+6.71854e+00 	
+2.30000e+01 	+1.74606e+02 	+6.44491e+00 	
+2.35000e+01 	+1.78542e+02 	+6.17944e+00 	
+2.40000e+01 	+1.82467e+02 	+5.92204e+00 	
+2.45000e+01 	+1.86381e+02 	+5.67255e+00 	
+2.50000e+01 	+1.90288e+02 	+5.43075e+00 	
+2.55000e+01 	+1.94187e+02 	+5.19638e+00 	
+2.60000e+01 	+1.98079e+02 	+4.96920e+00 	
+2.65000e+01 	+2.01966e+02 	+4.74895e+00 	
+2.70000e+01 	+2.05848e+02 	+4.53540e+00 	
+2.75000e+01 	+2.09725e+02 	+4.32833e+00 	
+2.80000e+01 	+2.13599e+02 	+4.12754e+00 	
+2.85000e+01 	+2.17469e+02 	+3.93286e+00 	
+2.90000e+01 	+2.21336e+02 	+3.74413e+00 	
+2.95000e+01 	+2.25200e+02 	+3.56122e+00 	
+3.00000e+01 	+2.29062e+02 	+3.38404e+00 	
+3.05000e+01 	+2.32921e+02 	+3.21247e+00 	
+3.10000e+01 	+2.36778e+02 	+3.04647e+00 	
+3.15000e+01 	+2.40634e+02 	+2.88598e+00 	
+3.20000e+01 	+2.44487e+02 	+2.73098e+00 	
+3.25000e+01 	+2.48339e+02 	+2.58144e+00 	
+3.30000e+01 	+2.52189e+02 	+2.43738e+00 	
+3.35000e+01 	+2.56037e+02 	+2.29881e+00 	
+3.40000e+01 	+2.59885e+02 	+2.16578e+00 	
+3.45000e+01 	+2.63730e+02 	+2.03833e+00 	
+3.50000e+01 	+2.67575e+02 	+1.91653e+00 	
+3.55000e+01 	+2.71418e+02 	+1.80048e+00 	
+3.60000e+01 	+2.75260e+02 	+1.69025e+00 	
+3.65000e+01 	+2.79100e+02 	+1.58598e+00 	
+3.70000e+01 	+2.82939e+02 	+1.48778e+00 	
+3.75000e+01 	+2.86777e+02 	+1.39580e+00 	
+3.80000e+01 	+2.90614e+02 	+1.31019e+00 	
+3.85000e+01 	+2.94449e+02 	+1.23115e+00 	
+3.90000e+01 	+2.98283e+02 	+1.15885e+00 	
+3.95000e+01 	+3.02115e+02 	+1.09351e+00 	
+4.00000e+01 	+3.05945e+02 	+1.03535e+00 	
+4.05000e+01 	+3.09774e+02 	+9.84627e-01 	
+4.10000e+01 	+3.13602e+02 	+9.41603e-01 	
+4.15000e+01 	+3.17427e+02 	+9.06568e-01 	
+4.20000e+01 	+3.21250e+02 	+8.79831e-01 	
+4.25000e+01 	+3.25071e+02 	+8.61724e-01 	
+4.30000e+01 	+3.28890e+02 	+8.52606e-01 	
+4.35000e+01 	+3.32706e+02 	+8.52859e-01 	
+4.40000e+01 	+3.36519e+02 	+8.62894e-01 	
+4.45000e+01 	+3.40329e+02 	+8.83150e-01 	
+4.50000e+01 	+3.44136e+02 	+9.14094e-01 	
+4.55000e+01 	+3.47939e+02 	+9.56225e-01 	
+4.60000e+01 	+3.51738e+02 	+1.01008e+00 	
+4.65000e+01 	+3.55532e+02 	+1.07621e+00 	
+4.70000e+01 	+3.59321e+02 	+1.15522e+00 	
+4.75000e+01 	+3.63104e+02 	+1.24774e+00 	
+4.80000e+01 	+3.66880e+02 	+1.35442e+00 	
+4.85000e+01 	+3.70650e+02 	+1.47596e+00 	
+4.90000e+01 	+3.74411e+02 	+1.61307e+00 	
+4.95000e+01 	+3.78163e+02 	+1.76648e+00 	
+5.00000e+01 	+3.81905e+02 	+1.93693e+00 	
+5.05000e+01 	+3.85635e+02 	+2.12516e+00 	
+5.10000e+01 	+3.89352e+02 	+2.33189e+00 	
+5.15000e+01 	+3.93054e+02 	+2.55780e+00 	
+5.20000e+01 	+3.96739e+02 	+2.80348e+00 	
+5.25000e+01 	+4.00405e+02 	+3.06944e+00 	
+5.30000e+01 	+4.04050e+02 	+3.35601e+00 	
+5.35000e+01 	+4.07671e+02 	+3.66332e+00 	
+5.40000e+01 	+4.11265e+02 	+3.99123e+00 	
+5.45000e+01 	+4.14829e+02 	+4.33925e+00 	
+5.50000e+01 	+4.18360e+02 	+4.70648e+00 	
+5.55000e+01 	+4.21853e+02 	+5.09152e+00 	
+5.60000e+01 	+4.25307e+02 	+5.49244e+00 	
+5.65000e+01 	+4.28716e+02 	+5.90669e+00 	
+5.70000e+01 	+4.32078e+02 	+6.33114e+00 	
+5.75000e+01 	+4.35390e+02 	+6.76205e+00 	
+5.80000e+01 	+4.38650e+02 	+7.19518e+00 	
+5.85000e+01 	+4.41855e+02 	+7.62585e+00 	
+5.90000e+01 	+4.45005e+02 	+8.04913e+00 	
+5.95000e+01 	+4.48099e+02 	+8.45989e+00 	
+6.00000e+01 	+4.51137e+02 	+8.85308e+00 	
+6.05000e+01 	+4.54119e+02 	+9.22375e+00 	
+6.10000e+01 	+4.57048e+02 	+9.56723e+00 	
+6.15000e+01 	+4.59924e+02 	+9.87919e+00 	
+6.20000e+01 	+4.62751e+02 	+1.01557e+01 	
+6.25000e+01 	+4.65530e+02 	+1.03931e+01 	
+6.30000e+01 	+4.68264e+02 	+1.05884e+01 	
+6.35000e+01 	+4.70956e+02 	+1.07386e+01 	
+6.40000e+01 	+4.73608e+02 	+1.08414e+01 	
+6.45000e+01 	+4.76223e+02 	+1.08944e+01 	
+6.50000e+01 	+4.78803e+02 	+1.08955e+01 	
+6.55000e+01 	+4.81351e+02 	+1.08430e+01 	
+6.60000e+01 	+4.83869e+02 	+1.07350e+01 	
+6.65000e+01 	+4.86359e+02 	+1.05699e+01 	
+6.70000e+01 	+4.88823e+02 	+1.03458e+01 	
+6.75000e+01 	+4.91263e+02 	+1.00610e+01 	
+6.80000e+01 	+4.93682e+02 	+9.71375e+00 	
+6.85000e+01 	+4.96079e+02 	+9.30193e+00 	
+6.90000e+01 	+4.98458e+02 	+8.82336e+00 	
+6.95000e+01 	+5.00820e+02 	+8.27556e+00 	
+7.00000e+01 	+5.03166e+02 	+7.65571e+00 	
+7.05000e+01 	+5.05498e+02 	+6.96056e+00 	
+7.10000e+01 	+5.07816e+02 	+6.18627e+00 	
+7.15000e+01 	+5.10124e+02 	+5.32832e+00 	
+7.20000e+01 	+5.12421e+02 	+4.38126e+00 	
+7.25000e+01 	+5.14710e+02 	+3.33842e+00 	
+7.30000e+01 	+5.16992e+02 	+2.19155e+00 	
+7.35000e+01 	+5.19270e+02 	+9.30227e-01 	
+7.40000e+01 	+5.21548e+02 	-4.59031e-01 	
+7.45000e+01 	+5.23829e+02 	-1.99408e+00 	
+7.50000e+01 	+5.26122e+02 	-3.69933e+00 	
