k, Re(omega1), Im(omega1), Re(omega2), Im(omega2), ... [by BO]
+1.00000e-02 	+8.91352e-03 	-4.57047e-08 	+6.51895e-03 	-6.58697e-03 	+1.07362e-02 	-2.40747e-05 	
+2.00000e-02 	+1.78188e-02 	-3.64022e-07 	+1.30379e-02 	-1.31739e-02 	+2.14805e-02 	-4.80153e-05 	
+3.00000e-02 	+2.67078e-02 	-1.21957e-06 	+1.95569e-02 	-1.97607e-02 	+3.22409e-02 	-7.16921e-05 	
+4.00000e-02 	+3.55725e-02 	-2.86133e-06 	+2.60761e-02 	-2.63475e-02 	+4.30253e-02 	-9.49832e-05 	
+5.00000e-02 	+4.44055e-02 	-5.51580e-06 	+3.25953e-02 	-3.29340e-02 	+5.38410e-02 	-1.17778e-04 	
+6.00000e-02 	+5.31996e-02 	-9.38087e-06 	+3.91146e-02 	-3.95203e-02 	+6.46950e-02 	-1.39977e-04 	
+7.00000e-02 	+6.19482e-02 	-1.46207e-05 	+4.56341e-02 	-4.61064e-02 	+7.55941e-02 	-1.61497e-04 	
+8.00000e-02 	+7.06451e-02 	-2.13610e-05 	+5.21537e-02 	-5.26921e-02 	+8.65442e-02 	-1.82263e-04 	
+9.00000e-02 	+7.92847e-02 	-2.96852e-05 	+5.86736e-02 	-5.92775e-02 	+9.75509e-02 	-2.02213e-04 	
+1.00000e-01 	+8.78620e-02 	-3.96301e-05 	+6.51937e-02 	-6.58625e-02 	+1.08619e-01 	-2.21293e-04 	
+1.10000e-01 	+9.63723e-02 	-5.11821e-05 	+7.17141e-02 	-7.24471e-02 	+1.19754e-01 	-2.39455e-04 	
+1.20000e-01 	+1.04812e-01 	-6.42722e-05 	+7.82347e-02 	-7.90312e-02 	+1.30959e-01 	-2.56655e-04 	
+1.30000e-01 	+1.13176e-01 	-7.87721e-05 	+8.47557e-02 	-8.56147e-02 	+1.42238e-01 	-2.72849e-04 	
+1.40000e-01 	+1.21463e-01 	-9.44885e-05 	+9.12770e-02 	-9.21977e-02 	+1.53593e-01 	-2.87993e-04 	
+1.50000e-01 	+1.29668e-01 	-1.11159e-04 	+9.77987e-02 	-9.87800e-02 	+1.65029e-01 	-3.02041e-04 	
+1.60000e-01 	+1.37790e-01 	-1.28446e-04 	+1.04321e-01 	-1.05362e-01 	+1.76548e-01 	-3.14944e-04 	
+1.70000e-01 	+1.45826e-01 	-1.45937e-04 	+1.10843e-01 	-1.11943e-01 	+1.88151e-01 	-3.26650e-04 	
+1.80000e-01 	+1.53774e-01 	-1.63137e-04 	+1.17366e-01 	-1.18523e-01 	+1.99840e-01 	-3.37103e-04 	
+1.90000e-01 	+1.61631e-01 	-1.79474e-04 	+1.23890e-01 	-1.25102e-01 	+2.11618e-01 	-3.46246e-04 	
+2.00000e-01 	+1.69396e-01 	-1.94300e-04 	+1.30414e-01 	-1.31681e-01 	+2.23486e-01 	-3.54021e-04 	
+2.10000e-01 	+1.77066e-01 	-2.06899e-04 	+1.36939e-01 	-1.38258e-01 	+2.35444e-01 	-3.60373e-04 	
+2.20000e-01 	+1.84640e-01 	-2.16502e-04 	+1.43464e-01 	-1.44835e-01 	+2.47495e-01 	-3.65253e-04 	
+2.30000e-01 	+1.92114e-01 	-2.22304e-04 	+1.49990e-01 	-1.51411e-01 	+2.59640e-01 	-3.68623e-04 	
+2.40000e-01 	+1.99488e-01 	-2.23493e-04 	+1.56516e-01 	-1.57985e-01 	+2.71878e-01 	-3.70464e-04 	
+2.50000e-01 	+2.06757e-01 	-2.19281e-04 	+1.63044e-01 	-1.64559e-01 	+2.84211e-01 	-3.70784e-04 	
+2.60000e-01 	+2.13920e-01 	-2.08958e-04 	+1.69572e-01 	-1.71131e-01 	+2.96639e-01 	-3.69629e-04 	
+2.70000e-01 	+2.20973e-01 	-1.91936e-04 	+1.76101e-01 	-1.77702e-01 	+3.09163e-01 	-3.67095e-04 	
+2.80000e-01 	+2.27914e-01 	-1.67824e-04 	+1.82631e-01 	-1.84271e-01 	+3.21784e-01 	-3.63345e-04 	
+2.90000e-01 	+2.34737e-01 	-1.36497e-04 	+1.89161e-01 	-1.90840e-01 	+3.34501e-01 	-3.58630e-04 	
+3.00000e-01 	+2.41439e-01 	-9.81841e-05 	+1.95693e-01 	-1.97407e-01 	+3.47314e-01 	-3.53304e-04 	
+3.10000e-01 	+2.48017e-01 	-5.35551e-05 	+2.02226e-01 	-2.03972e-01 	+3.60225e-01 	-3.47845e-04 	
+3.20000e-01 	+2.54464e-01 	-3.81652e-06 	+2.08760e-01 	-2.10535e-01 	+3.73233e-01 	-3.42876e-04 	
+3.30000e-01 	+2.60777e-01 	+4.91992e-05 	+2.15295e-01 	-2.17097e-01 	+3.86339e-01 	-3.39176e-04 	
+3.40000e-01 	+2.66950e-01 	+1.02950e-04 	+2.21831e-01 	-2.23658e-01 	+3.99542e-01 	-3.37678e-04 	
+3.50000e-01 	+2.72979e-01 	+1.54119e-04 	+2.28369e-01 	-2.30216e-01 	+4.12843e-01 	-3.39461e-04 	
+3.60000e-01 	+2.78859e-01 	+1.98563e-04 	+2.34908e-01 	-2.36772e-01 	+4.26244e-01 	-3.45714e-04 	
+3.70000e-01 	+2.84585e-01 	+2.31305e-04 	+2.41449e-01 	-2.43326e-01 	+4.39744e-01 	-3.57678e-04 	
+3.80000e-01 	+2.90152e-01 	+2.46545e-04 	+2.47991e-01 	-2.49878e-01 	+4.53346e-01 	-3.76567e-04 	
+3.90000e-01 	+2.95559e-01 	+2.37720e-04 	+2.54534e-01 	-2.56428e-01 	+4.67051e-01 	-4.03471e-04 	
+4.00000e-01 	+3.00802e-01 	+1.97599e-04 	+2.61080e-01 	-2.62975e-01 	+4.80861e-01 	-4.39248e-04 	
+4.10000e-01 	+3.05878e-01 	+1.18413e-04 	+2.67627e-01 	-2.69519e-01 	+4.94777e-01 	-4.84432e-04 	
+4.20000e-01 	+3.10788e-01 	-7.98867e-06 	+2.74177e-01 	-2.76060e-01 	+5.08803e-01 	-5.39166e-04 	
+4.30000e-01 	+3.15531e-01 	-1.89958e-04 	+2.80728e-01 	-2.82598e-01 	+5.22939e-01 	-6.03172e-04 	
+4.40000e-01 	+3.20109e-01 	-4.35861e-04 	+2.87282e-01 	-2.89133e-01 	+5.37189e-01 	-6.75774e-04 	
+4.50000e-01 	+3.24524e-01 	-7.53899e-04 	+2.93838e-01 	-2.95664e-01 	+5.51554e-01 	-7.55971e-04 	
+4.60000e-01 	+3.28779e-01 	-1.15194e-03 	+3.00396e-01 	-3.02191e-01 	+5.66036e-01 	-8.42530e-04 	
+4.70000e-01 	+3.32878e-01 	-1.63735e-03 	+3.06957e-01 	-3.08714e-01 	+5.80635e-01 	-9.34108e-04 	
+4.80000e-01 	+3.36827e-01 	-2.21693e-03 	+3.13521e-01 	-3.15231e-01 	+5.95353e-01 	-1.02936e-03 	
+4.90000e-01 	+3.40630e-01 	-2.89675e-03 	+3.20088e-01 	-3.21744e-01 	+6.10190e-01 	-1.12703e-03 	
+5.00000e-01 	+3.44294e-01 	-3.68218e-03 	+3.26657e-01 	-3.28250e-01 	+6.25145e-01 	-1.22603e-03 	
+5.10000e-01 	+3.47824e-01 	-4.57780e-03 	+3.33229e-01 	-3.34750e-01 	+6.40220e-01 	-1.32544e-03 	
+5.20000e-01 	+3.51228e-01 	-5.58743e-03 	+3.39805e-01 	-3.41242e-01 	+6.55414e-01 	-1.42455e-03 	
+5.30000e-01 	+3.54513e-01 	-6.71413e-03 	+3.46383e-01 	-3.47725e-01 	+6.70727e-01 	-1.52283e-03 	
+5.40000e-01 	+3.57684e-01 	-7.96028e-03 	+3.52963e-01 	-3.54199e-01 	+6.86159e-01 	-1.61989e-03 	
+5.50000e-01 	+3.60749e-01 	-9.32759e-03 	+3.59547e-01 	-3.60663e-01 	+7.01710e-01 	-1.71549e-03 	
+5.60000e-01 	+3.63713e-01 	-1.08172e-02 	+3.66131e-01 	-3.67114e-01 	+7.17380e-01 	-1.80947e-03 	
+5.70000e-01 	+3.66584e-01 	-1.24296e-02 	+3.72717e-01 	-3.73551e-01 	+7.33169e-01 	-1.90174e-03 	
+5.80000e-01 	+3.69367e-01 	-1.41650e-02 	+3.79302e-01 	-3.79972e-01 	+7.49077e-01 	-1.99224e-03 	
+5.90000e-01 	+3.72068e-01 	-1.60230e-02 	+3.85886e-01 	-3.86376e-01 	+7.65105e-01 	-2.08092e-03 	
+6.00000e-01 	+3.74693e-01 	-1.80030e-02 	+3.92464e-01 	-3.92760e-01 	+7.81252e-01 	-2.16775e-03 	
+6.10000e-01 	+3.77245e-01 	-2.01040e-02 	+3.99034e-01 	-3.99122e-01 	+7.97520e-01 	-2.25267e-03 	
+6.20000e-01 	+3.79732e-01 	-2.23248e-02 	+4.05592e-01 	-4.05461e-01 	+8.13907e-01 	-2.33562e-03 	
+6.30000e-01 	+3.82156e-01 	-2.46639e-02 	+4.12131e-01 	-4.11777e-01 	+8.30416e-01 	-2.41650e-03 	
+6.40000e-01 	+3.84522e-01 	-2.71198e-02 	+4.18644e-01 	-4.18069e-01 	+8.47046e-01 	-2.49519e-03 	
+6.50000e-01 	+3.86835e-01 	-2.96906e-02 	+4.25124e-01 	-4.24341e-01 	+8.63797e-01 	-2.57156e-03 	
+6.60000e-01 	+3.89098e-01 	-3.23746e-02 	+4.31563e-01 	-4.30598e-01 	+8.80670e-01 	-2.64543e-03 	
+6.70000e-01 	+3.91313e-01 	-3.51697e-02 	+4.37953e-01 	-4.36851e-01 	+8.97665e-01 	-2.71665e-03 	
+6.80000e-01 	+3.93486e-01 	-3.80741e-02 	+4.44290e-01 	-4.43111e-01 	+9.14782e-01 	-2.78501e-03 	
+6.90000e-01 	+3.95617e-01 	-4.10857e-02 	+4.50574e-01 	-4.49394e-01 	+9.32023e-01 	-2.85033e-03 	
+7.00000e-01 	+3.97711e-01 	-4.42024e-02 	+4.56810e-01 	-4.55715e-01 	+9.49386e-01 	-2.91241e-03 	
+7.10000e-01 	+3.99770e-01 	-4.74221e-02 	+4.63009e-01 	-4.62087e-01 	+9.66873e-01 	-2.97105e-03 	
+7.20000e-01 	+4.01796e-01 	-5.07428e-02 	+4.69186e-01 	-4.68520e-01 	+9.84483e-01 	-3.02607e-03 	
+7.30000e-01 	+4.03792e-01 	-5.41625e-02 	+4.75359e-01 	-4.75019e-01 	+1.00222e+00 	-3.07729e-03 	
+7.40000e-01 	+4.05758e-01 	-5.76791e-02 	+4.81547e-01 	-4.81580e-01 	+1.02008e+00 	-3.12452e-03 	
+7.50000e-01 	+4.07698e-01 	-6.12906e-02 	+4.87766e-01 	-4.88197e-01 	+1.03806e+00 	-3.16763e-03 	
+7.60000e-01 	+4.09613e-01 	-6.49950e-02 	+4.94030e-01 	-4.94865e-01 	+1.05616e+00 	-3.20646e-03 	
+7.70000e-01 	+4.11505e-01 	-6.87904e-02 	+5.00331e-01 	-5.01585e-01 	+1.07440e+00 	-3.24088e-03 	
+7.80000e-01 	+4.13375e-01 	-7.26749e-02 	+5.06633e-01 	-5.08309e-01 	+1.09275e+00 	-3.27080e-03 	
+7.90000e-01 	+4.15224e-01 	-7.66466e-02 	+5.12999e-01 	-5.14999e-01 	+1.11123e+00 	-3.29612e-03 	
+8.00000e-01 	+4.17054e-01 	-8.07036e-02 	+5.19423e-01 	-5.21691e-01 	+1.12984e+00 	-3.31677e-03 	
+8.10000e-01 	+4.18865e-01 	-8.48442e-02 	+5.25885e-01 	-5.28380e-01 	+1.14857e+00 	-3.33268e-03 	
+8.20000e-01 	+4.20660e-01 	-8.90666e-02 	+5.32374e-01 	-5.35058e-01 	+1.16743e+00 	-3.34383e-03 	
+8.30000e-01 	+4.22439e-01 	-9.33691e-02 	+5.38885e-01 	-5.41721e-01 	+1.18641e+00 	-3.35018e-03 	
+8.40000e-01 	+4.24202e-01 	-9.77501e-02 	+5.45414e-01 	-5.48367e-01 	+1.20551e+00 	-3.35174e-03 	
+8.50000e-01 	+4.25952e-01 	-1.02208e-01 	+5.51956e-01 	-5.54998e-01 	+1.22475e+00 	-3.34851e-03 	
+8.60000e-01 	+4.27688e-01 	-1.06741e-01 	+5.58507e-01 	-5.61612e-01 	+1.24411e+00 	-3.34051e-03 	
+8.70000e-01 	+4.29411e-01 	-1.11348e-01 	+5.65065e-01 	-5.68212e-01 	+1.26359e+00 	-3.32780e-03 	
+8.80000e-01 	+4.31122e-01 	-1.16027e-01 	+5.71628e-01 	-5.74799e-01 	+1.28320e+00 	-3.31041e-03 	
+8.90000e-01 	+4.32821e-01 	-1.20777e-01 	+5.78195e-01 	-5.81373e-01 	+1.30294e+00 	-3.28842e-03 	
+9.00000e-01 	+4.34510e-01 	-1.25596e-01 	+5.84763e-01 	-5.87935e-01 	+1.32280e+00 	-3.26191e-03 	
+9.10000e-01 	+4.36189e-01 	-1.30483e-01 	+5.91333e-01 	-5.94488e-01 	+1.34279e+00 	-3.23096e-03 	
+9.20000e-01 	+4.37857e-01 	-1.35437e-01 	+5.97903e-01 	-6.01031e-01 	+1.36291e+00 	-3.19570e-03 	
+9.30000e-01 	+4.39516e-01 	-1.40456e-01 	+6.04474e-01 	-6.07566e-01 	+1.38315e+00 	-3.15623e-03 	
+9.40000e-01 	+4.41166e-01 	-1.45540e-01 	+6.11044e-01 	-6.14093e-01 	+1.40352e+00 	-3.11269e-03 	
+9.50000e-01 	+4.42808e-01 	-1.50686e-01 	+6.17613e-01 	-6.20614e-01 	+1.42402e+00 	-3.06522e-03 	
+9.60000e-01 	+4.44441e-01 	-1.55894e-01 	+6.24182e-01 	-6.27128e-01 	+1.44464e+00 	-3.01398e-03 	
+9.70000e-01 	+4.46066e-01 	-1.61162e-01 	+6.30749e-01 	-6.33637e-01 	+1.46539e+00 	-2.95913e-03 	
+9.80000e-01 	+4.47683e-01 	-1.66490e-01 	+6.37316e-01 	-6.40142e-01 	+1.48627e+00 	-2.90087e-03 	
+9.90000e-01 	+4.49293e-01 	-1.71877e-01 	+6.43881e-01 	-6.46641e-01 	+1.50728e+00 	-2.83937e-03 	
+1.00000e+00 	+4.50896e-01 	-1.77320e-01 	+6.50444e-01 	-6.53136e-01 	+1.52841e+00 	-2.77484e-03 	
