Below are the first nkwall=min(nw,4*S+6)=14 solutions from BO, sorted by imag part, at 26-Dec-2020 14:50:20
kz[kn]           kx[kn]           k[kn]            theta[deg]       Re(omega1[wn])   Im(omega1[wn])   Re(omega2[wn])   Im(omega2[wn])   Re(omega3[wn])   Im(omega3[wn])   Re(omega4[wn])   Im(omega4[wn])   Re(omega5[wn])   Im(omega5[wn])   Re(omega6[wn])   Im(omega6[wn])   Re(omega7[wn])   Im(omega7[wn])   Re(omega8[wn])   Im(omega8[wn])   Re(omega9[wn])   Im(omega9[wn])   Re(omega10[wn])  Im(omega10[wn])  Re(omega11[wn])  Im(omega11[wn])  Re(omega12[wn])  Im(omega12[wn])  Re(omega13[wn])  Im(omega13[wn])  Re(omega14[wn])  Im(omega14[wn])  
8.660254e-03     5.000000e-03     1.000000e-02     3.000000e+01     -3.443847e+04    4.723919e-13     3.627334e+04     4.488178e-13     -4.920376e-03    8.256583e-14     8.657219e-03     2.760227e-14     -1.057758e-02    2.323854e-14     3.534397e+04     1.989600e-15     -1.240381e-18    9.268449e-23     -1.250031e-19    -5.561655e-23    -3.534397e+04    -1.989600e-15    1.057758e-02     -2.323856e-14    -8.657219e-03    -2.760220e-14    4.920376e-03     -8.256587e-14    -3.627334e+04    -4.488178e-13    3.443847e+04     -4.723919e-13    
1.732051e-02     1.000000e-02     2.000000e-02     3.000000e+01     -3.443847e+04    1.235601e-12     3.627334e+04     1.173373e-12     1.731042e-02     1.335024e-13     -2.116071e-02    8.655354e-14     -9.840456e-03    2.466395e-14     3.534397e+04     3.572833e-15     2.110650e-18     6.174624e-22     -1.064288e-18    4.862328e-22     -3.534397e+04    -3.572833e-15    9.840456e-03     -2.466395e-14    2.116071e-02     -8.655354e-14    -1.731042e-02    -1.335024e-13    -3.627334e+04    -1.173373e-12    3.443847e+04     -1.235601e-12    
2.598076e-02     1.500000e-02     3.000000e-02     3.000000e+01     -3.443847e+04    7.288652e-13     3.627335e+04     6.917978e-13     -1.475994e-02    1.799138e-13     -3.175489e-02    9.222047e-14     2.595561e-02     8.000635e-14     -3.534397e+04    8.107400e-15     -2.883229e-15    -1.609223e-23    -1.737424e-19    -6.819477e-22    3.534397e+04     -8.107400e-15    -2.595561e-02    -8.000635e-14    3.175489e-02     -9.222047e-14    1.475994e-02     -1.799138e-13    -3.627335e+04    -6.917978e-13    3.443847e+04     -7.288652e-13    
3.464102e-02     2.000000e-02     4.000000e-02     3.000000e+01     -3.443848e+04    4.703404e-13     3.627335e+04     4.464790e-13     3.458890e-02     1.109283e-13     -4.236556e-02    6.557863e-14     1.967854e-02     3.667786e-14     3.534397e+04     1.579175e-15     2.818559e-18     -3.710591e-22    -1.058167e-18    -3.931845e-21    -3.534397e+04    -1.579175e-15    -1.967854e-02    -3.667786e-14    4.236556e-02     -6.557863e-14    -3.458890e-02    -1.109283e-13    -3.627335e+04    -4.464790e-13    3.443848e+04     -4.703404e-13    
4.330127e-02     2.500000e-02     5.000000e-02     3.000000e+01     -4.320650e-02    1.877161e-13     -3.443849e+04    1.372552e-13     5.299802e-02     1.320384e-13     3.627336e+04     1.266340e-13     -2.459596e-02    1.084660e-13     3.534398e+04     6.552518e-16     3.228474e-18     3.744924e-22     2.225763e-16     1.875663e-23     -3.534398e+04    -6.552518e-16    2.459596e-02     -1.084660e-13    -3.627336e+04    -1.266340e-13    -5.299802e-02    -1.320384e-13    3.443849e+04     -1.372552e-13    4.320650e-02     -1.877161e-13    
5.196152e-02     3.000000e-02     6.000000e-02     3.000000e+01     -5.180477e-02    1.146366e-13     -3.443850e+04    9.511364e-14     3.627337e+04     9.099408e-14     2.951189e-02     6.530819e-14     6.365745e-02     4.133822e-14     3.534398e+04     1.412109e-15     -1.444217e-34    -1.929763e-33    5.280466e-18     -1.287341e-21    -3.534398e+04    -1.412109e-15    -6.365745e-02    -4.133822e-14    -2.951189e-02    -6.530819e-14    -3.627337e+04    -9.099408e-14    3.443850e+04     -9.511364e-14    5.180477e-02     -1.146366e-13    
6.062178e-02     3.500000e-02     7.000000e-02     3.000000e+01     -3.443851e+04    1.389710e-12     3.627338e+04     1.317744e-12     6.038023e-02     3.523157e-13     -7.434884e-02    3.394870e-13     -3.442604e-02    8.387860e-14     3.534398e+04     3.380764e-15     5.451987e-18     4.591941e-21     -1.104954e-29    -7.100520e-27    -3.534398e+04    -3.380764e-15    3.442604e-02     -8.387860e-14    7.434884e-02     -3.394870e-13    -6.038023e-02    -3.523157e-13    -3.627338e+04    -1.317744e-12    3.443851e+04     -1.389710e-12    
6.928203e-02     4.000000e-02     8.000000e-02     3.000000e+01     -3.443852e+04    1.233885e-12     3.627339e+04     1.170832e-12     6.892963e-02     5.348318e-13     -8.507697e-02    3.424167e-13     3.933812e-02     4.710515e-14     -3.534399e+04    2.778599e-15     3.295704e-34     -4.432246e-30    7.713643e-19     -6.179017e-23    3.534399e+04     -2.778599e-15    -3.933812e-02    -4.710515e-14    8.507697e-02     -3.424167e-13    -6.892963e-02    -5.348318e-13    -3.627339e+04    -1.170832e-12    3.443852e+04     -1.233885e-12    
7.794229e-02     4.500000e-02     9.000000e-02     3.000000e+01     -3.443854e+04    7.339386e-13     3.627340e+04     6.967078e-13     7.744990e-02     2.436332e-13     -9.584643e-02    1.974547e-13     4.424782e-02     1.942484e-13     3.534399e+04     2.022158e-14     2.803131e-18     2.812491e-21     3.441136e-16     4.252416e-22     -3.534399e+04    -2.022158e-14    -4.424782e-02    -1.942484e-13    9.584643e-02     -1.974547e-13    -7.744990e-02    -2.436332e-13    -3.627340e+04    -6.967078e-13    3.443854e+04     -7.339386e-13    
8.660254e-02     5.000000e-02     1.000000e-01     3.000000e+01     -3.443855e+04    7.690852e-13     3.627342e+04     7.296412e-13     8.593822e-02     2.932978e-13     -1.066616e-01    2.752029e-13     -4.915485e-02    8.408828e-14     -3.534399e+04    2.424438e-14     -1.262000e-28    -1.588203e-26    -7.604227e-19    -5.861946e-21    3.534399e+04     -2.424438e-14    4.915485e-02     -8.408828e-14    1.066616e-01     -2.752029e-13    -8.593822e-02    -2.932979e-13    -3.627342e+04    -7.296412e-13    3.443855e+04     -7.690852e-13    
9.526279e-02     5.500000e-02     1.100000e-01     3.000000e+01     -3.443857e+04    7.681920e-13     3.627343e+04     7.286870e-13     9.439199e-02     2.755824e-13     -1.175265e-01    2.437172e-13     5.405890e-02     1.354826e-13     -3.534400e+04    9.289029e-15     4.936382e-18     1.255294e-20     1.892545e-29     1.898272e-27     3.534400e+04     -9.289029e-15    -5.405890e-02    -1.354826e-13    1.175265e-01     -2.437172e-13    -9.439199e-02    -2.755824e-13    -3.627343e+04    -7.286870e-13    3.443857e+04     -7.681920e-13    
1.039230e-01     6.000000e-02     1.200000e-01     3.000000e+01     -3.443859e+04    7.266412e-13     3.627345e+04     6.906277e-13     1.028088e-01     3.112766e-13     -1.284452e-01    2.929603e-13     5.895969e-02     5.609867e-14     -3.534401e+04    6.975462e-15     -1.742344e-16    6.541871e-21     -4.086435e-18    1.105370e-21     3.534401e+04     -6.975462e-15    -5.895969e-02    -5.609866e-14    1.284452e-01     -2.929603e-13    -1.028088e-01    -3.112763e-13    -3.627345e+04    -6.906277e-13    3.443859e+04     -7.266412e-13    
1.125833e-01     6.500000e-02     1.300000e-01     3.000000e+01     -3.443861e+04    7.273229e-13     3.627347e+04     6.923906e-13     1.111867e-01     4.311852e-13     -1.394211e-01    3.143341e-13     6.385690e-02     2.974595e-14     -3.534401e+04    4.622923e-15     4.114742e-15     -4.274631e-21    -1.274885e-18    -1.469909e-20    3.534401e+04     -4.622923e-15    -6.385690e-02    -2.974595e-14    1.394211e-01     -3.143341e-13    -1.111867e-01    -4.311853e-13    -3.627347e+04    -6.923906e-13    3.443861e+04     -7.273229e-13    
1.212436e-01     7.000000e-02     1.400000e-01     3.000000e+01     -3.443864e+04    1.257738e-12     3.627349e+04     1.195223e-12     1.195235e-01     7.344016e-13     -1.504578e-01    5.888366e-13     -6.875025e-02    9.383617e-14     3.534402e+04     6.515137e-15     -5.880919e-18    9.218945e-21     2.931076e-30     -6.206903e-27    -3.534402e+04    -6.515137e-15    6.875025e-02     -9.383617e-14    1.504578e-01     -5.888366e-13    -1.195235e-01    -7.344016e-13    -3.627349e+04    -1.195223e-12    3.443864e+04     -1.257738e-12    
1.299038e-01     7.500000e-02     1.500000e-01     3.000000e+01     -3.443866e+04    1.275037e-12     3.627352e+04     1.211727e-12     1.278178e-01     9.596396e-13     -1.615585e-01    5.667288e-13     7.363942e-02     1.248019e-13     3.534402e+04     2.607032e-14     -5.020404e-18    4.129858e-20     9.725512e-18     1.026827e-20     -3.534402e+04    -2.607032e-14    -7.363942e-02    -1.248018e-13    1.615585e-01     -5.667288e-13    -1.278178e-01    -9.596395e-13    -3.627352e+04    -1.211727e-12    3.443866e+04     -1.275037e-12    
1.385641e-01     8.000000e-02     1.600000e-01     3.000000e+01     3.443869e+04     5.252308e-13     -3.627354e+04    4.987167e-13     1.727261e-01     2.139208e-13     -7.852411e-02    6.075923e-14     -1.360680e-01    4.857937e-14     -3.534403e+04    2.143143e-14     1.548853e-17     -7.220097e-20    -8.511884e-18    -2.697349e-19    3.534403e+04     -2.143143e-14    1.360680e-01     -4.857996e-14    7.852411e-02     -6.075925e-14    -1.727261e-01    -2.139208e-13    3.627354e+04     -4.987167e-13    -3.443869e+04    -5.252308e-13    
1.472243e-01     8.500000e-02     1.700000e-01     3.000000e+01     3.443872e+04     5.175506e-13     -3.627357e+04    4.887376e-13     1.839634e-01     1.252659e-13     8.340402e-02     7.634277e-14     3.534404e+04     4.796353e-14     1.442728e-01     4.404973e-14     -5.220605e-18    1.501587e-19     -6.627665e-35    4.529581e-34     -1.442728e-01    -4.404949e-14    -3.534404e+04    -4.796353e-14    -8.340402e-02    -7.634276e-14    -1.839634e-01    -1.252659e-13    3.627357e+04     -4.887376e-13    -3.443872e+04    -5.175506e-13    
1.558846e-01     9.000000e-02     1.800000e-01     3.000000e+01     3.443875e+04     5.116114e-13     -3.627360e+04    4.866385e-13     -1.524312e-01    3.034980e-13     1.952731e-01     2.218968e-13     -8.827885e-02    1.175640e-13     3.534405e+04     2.375324e-14     8.886491e-34     7.723260e-34     -1.665636e-17    -5.153575e-20    -3.534405e+04    -2.375324e-14    8.827885e-02     -1.175640e-13    -1.952731e-01    -2.218968e-13    1.524312e-01     -3.034981e-13    3.627360e+04     -4.866385e-13    -3.443875e+04    -5.116114e-13    
1.645448e-01     9.500000e-02     1.900000e-01     3.000000e+01     3.443878e+04     5.206909e-13     -3.627363e+04    4.954049e-13     2.066575e-01     3.755670e-13     -1.605422e-01    2.547958e-13     3.534406e+04     2.350313e-14     9.314829e-02     1.245150e-14     -1.113837e-17    6.225997e-19     -1.928646e-33    -1.166507e-34    -9.314829e-02    -1.245145e-14    -3.534406e+04    -2.350313e-14    1.605422e-01     -2.547949e-13    -2.066575e-01    -3.755669e-13    3.627363e+04     -4.954049e-13    -3.443878e+04    -5.206909e-13    
1.732051e-01     1.000000e-01     2.000000e-01     3.000000e+01     3.443882e+04     5.812934e-13     -3.627366e+04    5.512268e-13     -1.686051e-01    2.649484e-13     2.181189e-01     1.847007e-13     -3.534407e+04    1.811537e-14     9.801204e-02     1.628521e-16     -9.845509e-35    -4.726250e-35    -1.068936e-18    -8.165664e-19    -9.801204e-02    -1.629176e-16    3.534407e+04     -1.811537e-14    -2.181189e-01    -1.847007e-13    1.686051e-01     -2.649495e-13    3.627366e+04     -5.512268e-13    -3.443882e+04    -5.812934e-13    
1.818653e-01     1.050000e-01     2.100000e-01     3.000000e+01     3.443886e+04     5.572804e-13     -3.627369e+04    5.300458e-13     2.296595e-01     3.142550e-13     -1.766194e-01    1.768975e-13     -3.534408e+04    3.235759e-14     1.028698e-01     3.207357e-14     -3.658772e-18    -9.312209e-20    2.261160e-18     -2.538632e-19    -1.028698e-01    -3.207360e-14    3.534408e+04     -3.235759e-14    1.766194e-01     -1.768979e-13    -2.296595e-01    -3.142550e-13    3.627369e+04     -5.300458e-13    -3.443886e+04    -5.572804e-13    
1.905256e-01     1.100000e-01     2.200000e-01     3.000000e+01     3.443889e+04     5.429171e-13     -3.627372e+04    5.157668e-13     -1.845844e-01    3.322336e-13     2.412811e-01     2.265077e-13     -1.077212e-01    1.177340e-13     3.534409e+04     2.706320e-14     1.051448e-33     2.220899e-34     6.316849e-18     -1.184084e-18    -3.534409e+04    -2.706320e-14    1.077212e-01     -1.177341e-13    -2.412811e-01    -2.265077e-13    1.845844e-01     -3.322351e-13    3.627372e+04     -5.157668e-13    -3.443889e+04    -5.429171e-13    
1.991858e-01     1.150000e-01     2.300000e-01     3.000000e+01     3.443893e+04     1.031953e-12     -3.627376e+04    9.803230e-13     2.529856e-01     6.276242e-13     -1.925000e-01    5.876032e-13     -3.534410e+04    4.532032e-14     -1.125660e-01    2.314419e-14     3.239666e-17     -3.172599e-19    -7.380145e-18    -5.685817e-19    1.125660e-01     -2.314427e-14    3.534410e+04     -4.532032e-14    1.925000e-01     -5.876042e-13    -2.529856e-01    -6.276242e-13    3.627376e+04     -9.803230e-13    -3.443893e+04    -1.031953e-12    
2.078461e-01     1.200000e-01     2.400000e-01     3.000000e+01     3.443898e+04     5.789461e-13     -3.627380e+04    5.495793e-13     -2.003659e-01    3.822736e-13     2.647749e-01     2.677850e-13     1.174039e-01     3.827197e-14     3.534411e+04     5.179698e-16     1.211360e-16     -4.522474e-19    -1.246288e-17    -6.802410e-19    -3.534411e+04    -5.179698e-16    -1.174039e-01    -3.827208e-14    -2.647749e-01    -2.677851e-13    2.003659e-01     -3.822749e-13    3.627380e+04     -5.495793e-13    -3.443898e+04    -5.789461e-13    
2.165064e-01     1.250000e-01     2.500000e-01     3.000000e+01     3.443902e+04     5.260096e-13     -3.627384e+04    4.999895e-13     2.766504e-01     3.651535e-13     -2.081818e-01    2.540566e-13     -3.534412e+04    4.283258e-14     1.222346e-01     1.615378e-14     1.498046e-17     5.872112e-19     3.470016e-15     4.630684e-19     -1.222346e-01    -1.615368e-14    3.534412e+04     -4.283258e-14    2.081818e-01     -2.540554e-13    -2.766504e-01    -3.651534e-13    3.627384e+04     -4.999895e-13    -3.443902e+04    -5.260096e-13    
2.251666e-01     1.300000e-01     2.600000e-01     3.000000e+01     3.443906e+04     5.745615e-13     -3.627388e+04    5.453283e-13     2.886138e-01     3.735054e-13     -2.159479e-01    2.804403e-13     -1.270577e-01    7.512065e-14     -3.534413e+04    1.171527e-14     9.849138e-18     1.039025e-18     1.620313e-15     8.619930e-19     3.534413e+04     -1.171527e-14    1.270577e-01     -7.512045e-14    2.159479e-01     -2.804383e-13    -2.886138e-01    -3.735053e-13    3.627388e+04     -5.453283e-13    -3.443906e+04    -5.745615e-13    
2.338269e-01     1.350000e-01     2.700000e-01     3.000000e+01     3.443911e+04     5.715469e-13     -3.627392e+04    5.431274e-13     3.006664e-01     3.390002e-13     -2.236642e-01    2.333498e-13     1.318729e-01     2.046335e-14     -3.534415e+04    1.901126e-14     1.195609e-33     -1.189763e-34    -3.440470e-18    -7.151521e-19    3.534415e+04     -1.901126e-14    -1.318729e-01    -2.046343e-14    2.236642e-01     -2.333505e-13    -3.006664e-01    -3.390002e-13    3.627392e+04     -5.431274e-13    -3.443911e+04    -5.715469e-13    
2.424871e-01     1.400000e-01     2.800000e-01     3.000000e+01     3.443916e+04     5.413304e-13     -3.627396e+04    5.127540e-13     -2.313308e-01    4.257861e-13     3.128097e-01     3.059031e-13     -1.366800e-01    2.814893e-14     -3.534416e+04    2.666334e-14     1.805679e-18     2.423871e-19     1.013822e-15     2.183304e-19     3.534416e+04     -2.666334e-14    1.366800e-01     -2.814888e-14    -3.128097e-01    -3.059031e-13    2.313308e-01     -4.257857e-13    3.627396e+04     -5.127540e-13    -3.443916e+04    -5.413304e-13    
2.511474e-01     1.450000e-01     2.900000e-01     3.000000e+01     3.443921e+04     5.136515e-13     -3.627401e+04    4.863856e-13     3.250450e-01     2.434936e-13     -2.389478e-01    1.225819e-13     3.534417e+04     1.071724e-13     -1.414786e-01    6.192096e-15     1.353567e-17     7.698197e-17     1.554971e-17     -6.735125e-17    1.414786e-01     -6.193321e-15    -3.534417e+04    -1.071724e-13    2.389478e-01     -1.225720e-13    -3.250450e-01    -2.434901e-13    3.627401e+04     -4.863856e-13    -3.443921e+04    -5.136515e-13    
2.598076e-01     1.500000e-01     3.000000e-01     3.000000e+01     3.443926e+04     5.638224e-13     -3.627406e+04    5.348531e-13     3.373734e-01     4.148442e-13     -2.465155e-01    1.182370e-13     1.462683e-01     6.658105e-14     3.534419e+04     4.316185e-15     -2.879137e-17    8.489085e-17     -1.927106e-17    -7.479191e-17    -3.534419e+04    -4.316185e-15    -1.462683e-01    -6.658338e-14    2.465155e-01     -1.182300e-13    -3.373734e-01    -4.148398e-13    3.627406e+04     -5.348531e-13    -3.443926e+04    -5.638224e-13    
2.684679e-01     1.550000e-01     3.100000e-01     3.000000e+01     -2.540344e-01    2.989762e-13     -3.534420e+04    9.439824e-14     -3.497962e-01    4.412428e-14     3.443932e+04     4.410567e-14     -3.627411e+04    4.242067e-14     -1.510490e-01    4.142752e-15     2.908896e-18     3.242468e-18     -1.264349e-27    -1.049703e-27    1.510490e-01     -4.142614e-15    3.627411e+04     -4.242067e-14    -3.443932e+04    -4.410567e-14    3.497962e-01     -4.412423e-14    3.534420e+04     -9.439824e-14    2.540344e-01     -2.989753e-13    
2.771281e-01     1.600000e-01     3.200000e-01     3.000000e+01     -2.615046e-01    2.076084e-13     -3.534422e+04    9.441919e-14     3.443937e+04     4.096982e-14     -3.627416e+04    3.890421e-14     1.558202e-01     2.404919e-14     -3.623146e-01    2.121465e-14     1.401664e-18     2.287863e-18     -2.332239e-27    -1.171453e-27    3.623146e-01     -2.121461e-14    -1.558202e-01    -2.404909e-14    3.627416e+04     -3.890421e-14    -3.443937e+04    -4.096982e-14    3.534422e+04     -9.441919e-14    2.615046e-01     -2.076078e-13    
2.857884e-01     1.650000e-01     3.300000e-01     3.000000e+01     -2.689266e-01    4.700061e-13     -3.749294e-01    1.112531e-13     3.443943e+04     4.307120e-14     -3.627421e+04    4.121014e-14     -3.534423e+04    2.492703e-14     -1.605816e-01    2.464412e-14     1.159678e-15     5.790505e-19     9.353215e-20     2.806621e-19     1.605816e-01     -2.464408e-14    3.534423e+04     -2.492703e-14    3.627421e+04     -4.121014e-14    -3.443943e+04    -4.307120e-14    3.749294e-01     -1.112531e-13    2.689266e-01     -4.700059e-13    
2.944486e-01     1.700000e-01     3.400000e-01     3.000000e+01     3.443949e+04     4.199563e-14     -3.627426e+04    4.011055e-14     -2.763009e-01    3.934670e-14     3.876419e-01     2.550905e-14     1.653329e-01     1.069683e-14     -3.534425e+04    1.514408e-15     -4.165864e-17    5.454037e-18     -2.146932e-18    2.336523e-18     3.534425e+04     -1.514408e-15    -1.653329e-01    -1.069649e-14    -3.876419e-01    -2.550895e-14    2.763009e-01     -3.934485e-14    3.627426e+04     -4.011055e-14    -3.443949e+04    -4.199563e-14    
3.031089e-01     1.750000e-01     3.500000e-01     3.000000e+01     3.443955e+04     5.386771e-13     -3.627432e+04    5.099551e-13     4.004530e-01     3.583247e-13     -2.836279e-01    2.937089e-13     3.534427e+04     9.149197e-14     -1.700739e-01    3.705301e-14     -1.429850e-33    5.010976e-34     -7.634692e-18    -2.868067e-18    1.700739e-01     -3.705337e-14    -3.534427e+04    -9.149197e-14    2.836279e-01     -2.937109e-13    -4.004530e-01    -3.583248e-13    3.627432e+04     -5.099551e-13    -3.443955e+04    -5.386771e-13    
3.117691e-01     1.800000e-01     3.600000e-01     3.000000e+01     3.443961e+04     5.294215e-13     -3.627437e+04    5.009479e-13     -2.909082e-01    4.093187e-13     4.133637e-01     2.684689e-13     -1.748041e-01    6.134103e-14     3.534428e+04     2.379870e-14     -3.951814e-18    1.474387e-18     -1.274430e-26    3.632009e-26     -3.534428e+04    -2.379870e-14    1.748041e-01     -6.134084e-14    -4.133637e-01    -2.684689e-13    2.909082e-01     -4.093177e-13    3.627437e+04     -5.009479e-13    -3.443961e+04    -5.294215e-13    
3.204294e-01     1.850000e-01     3.700000e-01     3.000000e+01     -2.981422e-01    6.365886e-13     3.443968e+04     5.504118e-13     -3.627443e+04    5.215957e-13     4.263748e-01     2.536651e-13     3.534430e+04     1.482111e-13     -1.795233e-01    8.170157e-14     -3.994082e-34    -1.152393e-33    -2.031129e-17    -5.653700e-18    1.795233e-01     -8.170231e-14    -3.534430e+04    -1.482111e-13    -4.263748e-01    -2.536653e-13    3.627443e+04     -5.215957e-13    -3.443968e+04    -5.504118e-13    2.981422e-01     -6.365923e-13    
3.290897e-01     1.900000e-01     3.800000e-01     3.000000e+01     3.443974e+04     5.298592e-13     -3.627449e+04    5.031172e-13     4.394873e-01     3.970887e-13     -3.053306e-01    1.319597e-13     1.842311e-01     2.882351e-14     -3.534432e+04    7.389611e-15     -1.393292e-16    2.749937e-18     -6.503771e-18    2.109290e-18     3.534432e+04     -7.389611e-15    -1.842311e-01    -2.882287e-14    3.053306e-01     -1.319566e-13    -4.394873e-01    -3.970886e-13    3.627449e+04     -5.031172e-13    -3.443974e+04    -5.298592e-13    
3.377499e-01     1.950000e-01     3.900000e-01     3.000000e+01     3.443981e+04     5.398522e-13     4.527021e-01     5.127721e-13     -3.627455e+04    5.124634e-13     -3.124739e-01    2.296818e-14     1.889272e-01     1.617277e-14     3.534434e+04     1.423220e-14     -1.476249e-17    -2.104105e-18    -2.706575e-14    -2.611272e-18    -3.534434e+04    -1.423220e-14    -1.889272e-01    -1.617341e-14    3.124739e-01     -2.297109e-14    3.627455e+04     -5.124634e-13    -4.527021e-01    -5.127722e-13    -3.443981e+04    -5.398522e-13    
3.464102e-01     2.000000e-01     4.000000e-01     3.000000e+01     3.443988e+04     5.834832e-13     -3.627462e+04    5.531102e-13     -3.195728e-01    5.026998e-13     4.660200e-01     3.337468e-13     3.534436e+04     1.334609e-13     1.936113e-01     8.952912e-16     1.418360e-16     1.860831e-18     1.961006e-17     1.161169e-18     -1.936113e-01    -8.948747e-16    -3.534436e+04    -1.334609e-13    -4.660200e-01    -3.337467e-13    3.195728e-01     -5.026980e-13    3.627462e+04     -5.531102e-13    -3.443988e+04    -5.834832e-13    
3.550704e-01     2.050000e-01     4.100000e-01     3.000000e+01     3.443995e+04     5.715580e-13     -3.627468e+04    5.452257e-13     4.794419e-01     4.042008e-13     -3.266278e-01    3.816840e-13     -3.534437e+04    1.133478e-13     -1.982831e-01    9.117386e-14     1.771939e-17     5.171506e-18     -2.169944e-33    -1.046645e-33    1.982831e-01     -9.117313e-14    3.534437e+04     -1.133478e-13    3.266278e-01     -3.816810e-13    -4.794419e-01    -4.042006e-13    3.627468e+04     -5.452257e-13    -3.443995e+04    -5.715580e-13    
3.637307e-01     2.100000e-01     4.200000e-01     3.000000e+01     3.444003e+04     5.304786e-13     -3.627475e+04    5.025237e-13     4.929685e-01     4.051268e-13     -3.336396e-01    1.741702e-13     3.534439e+04     6.833537e-15     2.029422e-01     3.673438e-15     -5.653241e-18    5.610205e-19     4.482458e-33     -2.387647e-34    -2.029422e-01    -3.673358e-15    -3.534439e+04    -6.833537e-15    3.336396e-01     -1.741699e-13    -4.929685e-01    -4.051268e-13    3.627475e+04     -5.025237e-13    -3.444003e+04    -5.304786e-13    
3.723909e-01     2.150000e-01     4.300000e-01     3.000000e+01     3.444010e+04     5.311863e-13     -3.627482e+04    5.017220e-13     5.066006e-01     3.010553e-13     -3.406089e-01    2.481517e-13     3.534442e+04     1.105558e-13     2.075883e-01     3.036046e-14     1.763027e-16     5.691158e-19     -3.632634e-17    5.626499e-19     -2.075883e-01    -3.036030e-14    -3.534442e+04    -1.105558e-13    3.406089e-01     -2.481511e-13    -5.066006e-01    -3.010553e-13    3.627482e+04     -5.017220e-13    -3.444010e+04    -5.311863e-13    
3.810512e-01     2.200000e-01     4.400000e-01     3.000000e+01     -3.444018e+04    1.359876e-12     3.627489e+04     1.290767e-12     -5.203390e-01    9.516017e-13     3.475364e-01     7.249073e-13     2.122211e-01     5.523919e-14     3.534444e+04     4.081685e-14     4.569010e-16     9.397035e-18     -1.114094e-17    7.365830e-19     -3.534444e+04    -4.081685e-14    -2.122211e-01    -5.523661e-14    -3.475364e-01    -7.248986e-13    5.203390e-01     -9.516015e-13    -3.627489e+04    -1.290767e-12    3.444018e+04     -1.359876e-12    
3.897114e-01     2.250000e-01     4.500000e-01     3.000000e+01     -5.341844e-01    4.850293e-13     3.544226e-01     4.436884e-13     2.168403e-01     2.750492e-13     3.627496e+04     8.038863e-14     -3.444026e+04    7.944919e-14     -3.534446e+04    4.093283e-14     1.351174e-17     2.789200e-18     5.089818e-33     -2.763944e-33    3.534446e+04     -4.093283e-14    3.444026e+04     -7.944919e-14    -3.627496e+04    -8.038863e-14    -2.168403e-01    -2.750487e-13    -3.544226e-01    -4.436869e-13    5.341844e-01     -4.850293e-13    
3.983717e-01     2.300000e-01     4.600000e-01     3.000000e+01     -3.444034e+04    1.436475e-12     3.627503e+04     1.360279e-12     3.612684e-01     7.918951e-13     -5.481376e-01    7.668810e-13     -2.214455e-01    5.766723e-14     -3.534448e+04    4.616390e-14     -5.751602e-18    2.617732e-19     -1.290658e-31    2.721749e-30     3.534448e+04     -4.616390e-14    2.214455e-01     -5.766719e-14    5.481376e-01     -7.668810e-13    -3.612684e-01    -7.918949e-13    -3.627503e+04    -1.360279e-12    3.444034e+04     -1.436475e-12    
4.070319e-01     2.350000e-01     4.700000e-01     3.000000e+01     -5.621994e-01    1.545504e-12     3.680744e-01     1.540361e-12     -3.444042e+04    1.426214e-12     3.627510e+04     1.359216e-12     2.260364e-01     3.498115e-13     3.534450e+04     4.655576e-14     2.104501e-17     1.770276e-18     -7.327505e-27    -8.000026e-26    -3.534450e+04    -4.655576e-14    -2.260364e-01    -3.498112e-13    -3.627510e+04    -1.359216e-12    3.444042e+04     -1.426214e-12    -3.680744e-01    -1.540361e-12    5.621994e-01     -1.545504e-12    
4.156922e-01     2.400000e-01     4.800000e-01     3.000000e+01     -3.748413e-01    6.310334e-13     -2.306127e-01    1.476037e-13     5.763703e-01     8.662723e-14     3.534452e+04     3.522446e-14     3.627518e+04     4.234977e-15     3.444051e+04     1.133258e-15     4.833968e-33     -2.726694e-34    -5.907376e-18    -1.631674e-18    -3.444051e+04    -1.133258e-15    -3.627518e+04    -4.234977e-15    -3.534452e+04    -3.522446e-14    -5.763703e-01    -8.662727e-14    2.306127e-01     -1.476040e-13    3.748413e-01     -6.310341e-13    
4.243524e-01     2.450000e-01     4.900000e-01     3.000000e+01     -5.906511e-01    5.517563e-13     3.815698e-01     4.384852e-13     2.351741e-01     3.158554e-13     3.627526e+04     1.040986e-13     -3.444059e+04    1.038973e-13     -3.534455e+04    3.103672e-14     -2.198301e-16    1.227817e-17     -6.610367e-17    -5.131562e-18    3.534455e+04     -3.103672e-14    3.444059e+04     -1.038973e-13    -3.627526e+04    -1.040986e-13    -2.351741e-01    -3.158534e-13    -3.815698e-01    -4.384792e-13    5.906511e-01     -5.517560e-13    
4.330127e-01     2.500000e-01     5.000000e-01     3.000000e+01     -3.444068e+04    1.483432e-12     3.627534e+04     1.403184e-12     -2.397202e-01    5.296440e-13     -6.050425e-01    9.287667e-14     -3.882606e-01    4.830865e-14     -3.534457e+04    3.292494e-15     -2.672852e-16    8.155103e-18     1.543874e-17     -4.945775e-19    3.534457e+04     -3.292494e-15    3.882606e-01     -4.830267e-14    6.050425e-01     -9.287640e-14    2.397202e-01     -5.296420e-13    -3.627534e+04    -1.403184e-12    3.444068e+04     -1.483432e-12    
4.416730e-01     2.550000e-01     5.100000e-01     3.000000e+01     -3.949146e-01    4.270559e-13     -3.444077e+04    9.597607e-14     3.627542e+04     9.371370e-14     -6.195451e-01    6.855580e-14     -2.442507e-01    4.269097e-14     3.534460e+04     1.711061e-14     -3.605762e-17    -7.420941e-20    2.414576e-15     -1.073018e-19    -3.534460e+04    -1.711061e-14    2.442507e-01     -4.269100e-14    6.195451e-01     -6.855581e-14    -3.627542e+04    -9.371370e-14    3.444077e+04     -9.597607e-14    3.949146e-01     -4.270559e-13    
4.503332e-01     2.600000e-01     5.200000e-01     3.000000e+01     -6.341597e-01    4.725335e-13     4.015323e-01     4.343593e-13     2.487653e-01     4.290702e-13     3.627550e+04     9.544920e-14     -3.444086e+04    9.402078e-14     3.534462e+04     7.360596e-15     1.845667e-17     -1.273541e-18    2.394300e-15     -1.930975e-18    -3.534462e+04    -7.360596e-15    3.444086e+04     -9.402078e-14    -3.627550e+04    -9.544920e-14    -2.487653e-01    -4.290707e-13    -4.015323e-01    -4.343606e-13    6.341597e-01     -4.725336e-13    
4.589935e-01     2.650000e-01     5.300000e-01     3.000000e+01     -4.081145e-01    1.095734e-12     6.488869e-01     7.456854e-13     -2.532638e-01    5.355464e-13     -3.444095e+04    1.287969e-13     3.627558e+04     1.212493e-13     -3.534465e+04    2.715927e-14     -2.731165e-17    -7.040391e-19    1.161942e-14     -1.059807e-18    3.534465e+04     -2.715927e-14    -3.627558e+04    -1.212493e-13    3.444095e+04     -1.287969e-13    2.532638e-01     -5.355467e-13    -6.488869e-01    -7.456855e-13    4.081145e-01     -1.095735e-12    
4.676537e-01     2.700000e-01     5.400000e-01     3.000000e+01     -6.637272e-01    6.066138e-13     4.146620e-01     4.043512e-13     2.577457e-01     3.988313e-13     3.627567e+04     9.860669e-14     -3.444105e+04    9.346188e-14     -3.534467e+04    1.127774e-14     5.815358e-18     7.117742e-18     3.916162e-18     -3.547086e-18    3.534467e+04     -1.127774e-14    3.444105e+04     -9.346188e-14    -3.627567e+04    -9.860669e-14    -2.577457e-01    -3.988307e-13    -4.146620e-01    -4.043498e-13    6.637272e-01     -6.066138e-13    
4.763140e-01     2.750000e-01     5.500000e-01     3.000000e+01     -3.444115e+04    1.567925e-12     3.627576e+04     1.485955e-12     4.211755e-01     8.412468e-13     -6.786814e-01    5.647279e-13     -2.622107e-01    1.958846e-13     -3.534470e+04    7.064622e-14     3.283861e-18     -4.013493e-19    1.478947e-17     -1.005870e-18    3.534470e+04     -7.064622e-14    2.622107e-01     -1.958848e-13    6.786814e-01     -5.647279e-13    -4.211755e-01    -8.412474e-13    -3.627576e+04    -1.485955e-12    3.444115e+04     -1.567925e-12    
4.849742e-01     2.800000e-01     5.600000e-01     3.000000e+01     -3.444124e+04    1.264056e-12     3.627584e+04     1.193979e-12     4.276557e-01     8.363728e-13     -6.937501e-01    8.126033e-13     2.666586e-01     4.661983e-14     -3.534472e+04    2.877332e-14     -1.212165e-17    1.322348e-17     -1.048739e-17    -1.039206e-17    3.534472e+04     -2.877332e-14    -2.666586e-01    -4.661934e-14    6.937501e-01     -8.126033e-13    -4.276557e-01    -8.363717e-13    -3.627584e+04    -1.193979e-12    3.444124e+04     -1.264056e-12    
4.936345e-01     2.850000e-01     5.700000e-01     3.000000e+01     -7.089339e-01    8.496796e-13     2.710889e-01     4.407082e-13     4.341033e-01     3.596944e-13     -3.444134e+04    1.228166e-13     3.627593e+04     1.159505e-13     -3.534475e+04    1.463095e-14     -5.444841e-16    7.860986e-20     -3.474398e-17    4.476808e-20     3.534475e+04     -1.463095e-14    -3.627593e+04    -1.159505e-13    3.444134e+04     -1.228166e-13    -4.341033e-01    -3.596943e-13    -2.710889e-01    -4.407082e-13    7.089339e-01     -8.496796e-13    
5.022947e-01     2.900000e-01     5.800000e-01     3.000000e+01     -3.444145e+04    1.544275e-12     3.627603e+04     1.460450e-12     -7.242333e-01    1.212137e-12     4.405192e-01     1.013206e-12     2.755015e-01     1.340395e-13     -3.534478e+04    1.510604e-14     1.579751e-16     1.348389e-17     1.599883e-17     7.507322e-19     3.534478e+04     -1.510604e-14    -2.755015e-01    -1.340372e-13    -4.405192e-01    -1.013199e-12    7.242333e-01     -1.212136e-12    -3.627603e+04    -1.460450e-12    3.444145e+04     -1.544275e-12    
5.109550e-01     2.950000e-01     5.900000e-01     3.000000e+01     -4.469039e-01    1.029373e-12     7.396491e-01     8.055946e-13     -2.798960e-01    6.814249e-13     -3.444155e+04    5.128317e-14     3.627612e+04     4.730679e-14     3.534481e+04     1.293673e-14     1.081984e-17     2.588544e-19     3.194006e-31     1.284251e-29     -3.534481e+04    -1.293673e-14    -3.627612e+04    -4.730679e-14    3.444155e+04     -5.128317e-14    2.798960e-01     -6.814248e-13    -7.396491e-01    -8.055946e-13    4.469039e-01     -1.029373e-12    
5.196152e-01     3.000000e-01     6.000000e-01     3.000000e+01     -7.551817e-01    5.740218e-13     -4.532583e-01    4.267335e-13     -3.444165e+04    1.663160e-13     3.627622e+04     1.610508e-13     -3.534484e+04    9.461565e-15     2.842721e-01     3.747487e-15     -1.870947e-17    1.110721e-17     -1.938766e-17    -1.218569e-17    -2.842721e-01    -3.747682e-15    3.534484e+04     -9.461565e-15    -3.627622e+04    -1.610508e-13    3.444165e+04     -1.663160e-13    4.532583e-01     -4.267339e-13    7.551817e-01     -5.740218e-13    
5.282755e-01     3.050000e-01     6.100000e-01     3.000000e+01     -3.444176e+04    7.200068e-13     3.627631e+04     6.812745e-13     4.595830e-01     6.308621e-13     -7.708318e-01    5.724263e-13     2.886295e-01     1.183247e-13     -3.534487e+04    6.302466e-14     -9.314641e-19    1.542591e-18     3.003060e-34     -1.087221e-33    3.534487e+04     -6.302466e-14    -2.886295e-01    -1.183244e-13    7.708318e-01     -5.724263e-13    -4.595830e-01    -6.308616e-13    -3.627631e+04    -6.812745e-13    3.444176e+04     -7.200068e-13    
5.369358e-01     3.100000e-01     6.200000e-01     3.000000e+01     4.658789e-01     1.145785e-12     -3.444187e+04    7.546648e-13     3.627641e+04     7.173605e-13     -7.866000e-01    4.349890e-13     2.929679e-01     2.466384e-13     3.534490e+04     2.106186e-13     -1.876833e-18    5.939352e-18     4.296465e-34     6.503139e-34     -3.534490e+04    -2.106186e-13    -2.929679e-01    -2.466373e-13    7.866000e-01     -4.349889e-13    -3.627641e+04    -7.173605e-13    3.444187e+04     -7.546648e-13    -4.658789e-01    -1.145783e-12    
5.455960e-01     3.150000e-01     6.300000e-01     3.000000e+01     -3.444198e+04    7.068436e-13     -8.024868e-01    7.023945e-13     3.627651e+04     6.687870e-13     4.721465e-01     3.252283e-13     -3.534493e+04    2.018363e-13     2.972870e-01     1.068713e-13     4.398638e-19     7.098316e-18     8.015311e-35     -1.344385e-34    -2.972870e-01    -1.068700e-13    3.534493e+04     -2.018363e-13    -4.721465e-01    -3.252260e-13    -3.627651e+04    -6.687870e-13    8.024868e-01     -7.023944e-13    3.444198e+04     -7.068436e-13    
5.542563e-01     3.200000e-01     6.400000e-01     3.000000e+01     4.783867e-01     1.786661e-12     -3.444209e+04    1.295872e-12     3.627661e+04     1.233889e-12     -8.184929e-01    5.533691e-13     3.015865e-01     3.585720e-13     3.534496e+04     1.787519e-13     -8.887998e-17    -4.426089e-18    1.205592e-15     -5.117676e-17    -3.534496e+04    -1.787519e-13    -3.015865e-01    -3.585142e-13    8.184929e-01     -5.533899e-13    -3.627661e+04    -1.233889e-12    3.444209e+04     -1.295872e-12    -4.783867e-01    -1.786612e-12    
5.629165e-01     3.250000e-01     6.500000e-01     3.000000e+01     4.846001e-01     1.142716e-12     -3.444221e+04    7.529662e-13     3.627672e+04     7.137389e-13     -8.346187e-01    3.002516e-13     3.058661e-01     2.158555e-13     -3.534499e+04    1.668010e-13     3.670450e-15     2.481521e-18     3.483938e-17     1.485857e-18     3.534499e+04     -1.668010e-13    -3.058661e-01    -2.158548e-13    8.346187e-01     -3.002515e-13    -3.627672e+04    -7.137389e-13    3.444221e+04     -7.529662e-13    -4.846001e-01    -1.142715e-12    
5.715768e-01     3.300000e-01     6.600000e-01     3.000000e+01     -8.508648e-01    7.039747e-13     -3.444232e+04    6.811514e-13     3.627682e+04     6.439104e-13     4.907875e-01     5.586567e-13     3.101256e-01     1.657944e-13     -3.534502e+04    1.463131e-13     -1.211601e-16    -1.723717e-18    1.221795e-15     -4.546812e-17    3.534502e+04     -1.463131e-13    -3.101256e-01    -1.657352e-13    -4.907875e-01    -5.586068e-13    -3.627682e+04    -6.439104e-13    3.444232e+04     -6.811514e-13    8.508648e-01     -7.039942e-13    
5.802370e-01     3.350000e-01     6.700000e-01     3.000000e+01     4.969496e-01     1.810192e-12     -3.444244e+04    1.177700e-12     3.627693e+04     1.115887e-12     -8.672317e-01    4.012706e-13     3.143646e-01     3.514568e-13     -3.534505e+04    1.863454e-13     -1.710499e-17    -1.783345e-18    -3.322378e-15    -2.983199e-18    3.534505e+04     -1.863454e-13    -3.143646e-01    -3.514578e-13    8.672317e-01     -4.012707e-13    -3.627693e+04    -1.115887e-12    3.444244e+04     -1.177700e-12    -4.969496e-01    -1.810194e-12    
5.888973e-01     3.400000e-01     6.800000e-01     3.000000e+01     5.030870e-01     8.841782e-13     -3.444256e+04    7.650626e-13     3.627703e+04     7.318056e-13     -8.837201e-01    6.458370e-13     3.185829e-01     3.290099e-13     3.534508e+04     2.982817e-13     4.045929e-17     3.375305e-18     -1.438189e-17    3.295548e-18     -3.534508e+04    -2.982817e-13    -3.185829e-01    -3.290085e-13    8.837201e-01     -6.458369e-13    -3.627703e+04    -7.318056e-13    3.444256e+04     -7.650626e-13    -5.030870e-01    -8.841763e-13    
5.975575e-01     3.450000e-01     6.900000e-01     3.000000e+01     -5.092004e-01    6.565392e-13     3.444268e+04     5.931648e-13     -3.627714e+04    5.625635e-13     9.003304e-01     2.165968e-13     -3.227802e-01    1.040221e-13     3.534512e+04     1.006181e-13     -1.328751e-17    1.199309e-17     -3.192874e-33    -1.410858e-32    -3.534512e+04    -1.006181e-13    3.227802e-01     -1.040197e-13    -9.003304e-01    -2.165966e-13    3.627714e+04     -5.625635e-13    -3.444268e+04    -5.931648e-13    5.092004e-01     -6.565358e-13    
6.062178e-01     3.500000e-01     7.000000e-01     3.000000e+01     3.444281e+04     5.236406e-13     -3.627725e+04    4.930069e-13     9.170632e-01     4.534016e-13     -5.152906e-01    3.246648e-13     3.534515e+04     1.986608e-13     -3.269562e-01    7.931415e-14     -6.260753e-17    7.540010e-18     2.136342e-18     4.796074e-18     3.269562e-01     -7.931163e-14    -3.534515e+04    -1.986608e-13    5.152906e-01     -3.246614e-13    -9.170632e-01    -4.534015e-13    3.627725e+04     -4.930069e-13    -3.444281e+04    -5.236406e-13    
6.148780e-01     3.550000e-01     7.100000e-01     3.000000e+01     3.444293e+04     5.372443e-13     -3.627737e+04    5.082749e-13     -5.213583e-01    4.314590e-13     9.339190e-01     3.542582e-13     3.534518e+04     5.981967e-14     -3.311107e-01    4.417547e-14     -3.301515e-17    -5.069284e-18    8.145528e-15     -8.475104e-18    3.311107e-01     -4.417826e-14    -3.534518e+04    -5.981967e-14    -9.339190e-01    -3.542584e-13    5.213583e-01     -4.314627e-13    3.627737e+04     -5.082749e-13    -3.444293e+04    -5.372443e-13    
6.235383e-01     3.600000e-01     7.200000e-01     3.000000e+01     -5.274040e-01    6.250553e-13     3.444306e+04     5.882029e-13     -3.627748e+04    5.558944e-13     9.508984e-01     3.271623e-13     3.534522e+04     2.000900e-13     -3.352434e-01    1.677354e-13     6.180406e-33     -1.042299e-33    -3.603244e-18    -6.934085e-19    3.352434e-01     -1.677356e-13    -3.534522e+04    -2.000900e-13    -9.508984e-01    -3.271623e-13    3.627748e+04     -5.558944e-13    -3.444306e+04    -5.882029e-13    5.274040e-01     -6.250555e-13    
6.321985e-01     3.650000e-01     7.300000e-01     3.000000e+01     3.444318e+04     5.818834e-13     -3.627760e+04    5.527066e-13     9.680018e-01     4.756116e-13     -5.334284e-01    1.843693e-13     -3.534525e+04    1.483969e-13     3.393541e-01     5.850119e-14     -1.195063e-26    -2.413945e-27    -3.684142e-18    -1.277214e-17    -3.393541e-01    -5.850389e-14    3.534525e+04     -1.483969e-13    5.334284e-01     -1.843726e-13    -9.680018e-01    -4.756117e-13    3.627760e+04     -5.527066e-13    -3.444318e+04    -5.818834e-13    
6.408588e-01     3.700000e-01     7.400000e-01     3.000000e+01     -5.394323e-01    8.534031e-13     3.444332e+04     5.155627e-13     -3.627772e+04    4.917509e-13     -3.434425e-01    2.249542e-13     9.852297e-01     1.271575e-13     -3.534529e+04    3.146808e-14     -1.207239e-16    -1.983396e-17    6.823364e-16     -1.016009e-16    3.534529e+04     -3.146808e-14    -9.852297e-01    -1.271953e-13    3.434425e-01     -2.248154e-13    3.627772e+04     -4.917509e-13    -3.444332e+04    -5.155627e-13    5.394323e-01     -8.533025e-13    
6.495191e-01     3.750000e-01     7.500000e-01     3.000000e+01     1.002583e+00     7.607448e-13     3.444345e+04     4.877979e-13     -3.627783e+04    4.656947e-13     -3.534532e+04    2.087674e-13     -3.475083e-01    1.119097e-13     -5.454163e-01    3.636357e-14     -5.263770e-17    6.875661e-18     7.997678e-18     5.159583e-18     5.454163e-01     -3.636053e-14    3.475083e-01     -1.119071e-13    3.534532e+04     -2.087674e-13    3.627783e+04     -4.656947e-13    -3.444345e+04    -4.877979e-13    -1.002583e+00    -7.607447e-13    
6.581793e-01     3.800000e-01     7.600000e-01     3.000000e+01     1.020061e+00     5.975091e-13     3.444358e+04     5.573713e-13     -3.627796e+04    5.297145e-13     3.534536e+04     7.281706e-14     -5.513810e-01    3.921683e-14     -3.515515e-01    1.232275e-15     -5.327500e-17    2.579531e-18     6.722482e-18     1.850332e-18     3.515515e-01     -1.231307e-15    5.513810e-01     -3.921573e-14    -3.534536e+04    -7.281706e-14    3.627796e+04     -5.297145e-13    -3.444358e+04    -5.573713e-13    -1.020061e+00    -5.975091e-13    
6.668396e-01     3.850000e-01     7.700000e-01     3.000000e+01     -5.573270e-01    5.949318e-13     3.444372e+04     5.085875e-13     -3.627808e+04    4.800618e-13     3.534540e+04     2.611878e-13     1.037666e+00     1.468889e-13     -3.555716e-01    1.450482e-13     3.794449e-19     2.762717e-17     -1.112764e-33    -2.017263e-33    3.555716e-01     -1.450421e-13    -1.037666e+00    -1.468886e-13    -3.534540e+04    -2.611878e-13    3.627808e+04     -4.800618e-13    -3.444372e+04    -5.085875e-13    5.573270e-01     -5.949250e-13    
6.754998e-01     3.900000e-01     7.800000e-01     3.000000e+01     1.055397e+00     7.554773e-13     3.444385e+04     5.296172e-13     -3.627820e+04    5.040284e-13     5.632551e-01     9.076581e-14     -3.595686e-01    7.055860e-14     3.534543e+04     2.300674e-14     -2.284578e-17    -1.078367e-17    1.176549e-14     -1.846361e-17    -3.534543e+04    -2.300674e-14    3.595686e-01     -7.056513e-14    -5.632551e-01    -9.077281e-14    3.627820e+04     -5.040284e-13    -3.444385e+04    -5.296172e-13    -1.055397e+00    -7.554776e-13    
6.841601e-01     3.950000e-01     7.900000e-01     3.000000e+01     3.444399e+04     5.350541e-13     -3.627833e+04    5.062350e-13     -5.691657e-01    2.848774e-13     1.073255e+00     2.513562e-13     3.534547e+04     1.509311e-13     -3.635421e-01    3.759902e-15     4.164766e-34     4.592059e-34     -6.294609e-18    -1.684210e-17    3.635421e-01     -3.763708e-15    -3.534547e+04    -1.509311e-13    -1.073255e+00    -2.513564e-13    5.691657e-01     -2.848813e-13    3.627833e+04     -5.062350e-13    -3.444399e+04    -5.350541e-13    
6.928203e-01     4.000000e-01     8.000000e-01     3.000000e+01     -5.750595e-01    5.931007e-13     3.444413e+04     4.864427e-13     -3.627845e+04    4.627075e-13     1.091241e+00     3.231663e-13     -3.674920e-01    2.560391e-13     -3.534551e+04    2.304591e-13     -9.515950e-18    1.290758e-17     6.898552e-34     3.919084e-33     3.534551e+04     -2.304591e-13    3.674920e-01     -2.560362e-13    -1.091241e+00    -3.231661e-13    3.627845e+04     -4.627075e-13    -3.444413e+04    -4.864427e-13    5.750595e-01     -5.930977e-13    
7.014806e-01     4.050000e-01     8.100000e-01     3.000000e+01     3.444428e+04     5.970288e-13     -3.627858e+04    5.653124e-13     1.109355e+00     4.676042e-13     -5.809372e-01    1.061376e-13     3.714181e-01     6.045633e-14     -3.534555e+04    1.595727e-14     -8.461006e-18    7.932699e-18     6.034188e-33     4.449752e-33     3.534555e+04     -1.595727e-14    -3.714181e-01    -6.045449e-14    5.809372e-01     -1.061358e-13    -1.109355e+00    -4.676041e-13    3.627858e+04     -5.653124e-13    -3.444428e+04    -5.970288e-13    
7.101408e-01     4.100000e-01     8.200000e-01     3.000000e+01     3.444442e+04     5.870723e-13     -3.627871e+04    5.587306e-13     1.127597e+00     4.402838e-13     -5.867992e-01    2.872010e-13     -3.753202e-01    7.869343e-14     3.534559e+04     7.552884e-14     1.158794e-17     9.345418e-18     6.229165e-33     -5.523723e-33    -3.534559e+04    -7.552884e-14    3.753202e-01     -7.869125e-14    5.867992e-01     -2.871989e-13    -1.127597e+00    -4.402837e-13    3.627871e+04     -5.587306e-13    -3.444442e+04    -5.870723e-13    
7.188011e-01     4.150000e-01     8.300000e-01     3.000000e+01     3.444457e+04     5.587703e-13     -3.627885e+04    5.347471e-13     -5.926462e-01    5.100387e-13     1.145968e+00     3.696385e-13     -3.534563e+04    2.812709e-13     -3.791981e-01    2.805969e-13     -1.264181e-16    -4.018865e-19    6.698561e-16     -5.860616e-17    3.791981e-01     -2.804760e-13    3.534563e+04     -2.812709e-13    -1.145968e+00    -3.696624e-13    5.926462e-01     -5.099613e-13    3.627885e+04     -5.347471e-13    -3.444457e+04    -5.587703e-13    
7.274613e-01     4.200000e-01     8.400000e-01     3.000000e+01     1.164468e+00     5.719253e-13     3.444471e+04     5.351915e-13     -3.627898e+04    5.110972e-13     -5.984788e-01    5.947936e-14     -3.830516e-01    4.103563e-14     -3.534567e+04    2.191038e-14     8.881963e-17     2.081038e-17     -4.455849e-16    -2.915844e-17    3.534567e+04     -2.191038e-14    3.830516e-01     -4.090749e-14    5.984788e-01     -5.939541e-14    3.627898e+04     -5.110972e-13    -3.444471e+04    -5.351915e-13    -1.164468e+00    -5.719475e-13    
7.361216e-01     4.250000e-01     8.500000e-01     3.000000e+01     -6.042975e-01    8.553997e-13     3.444486e+04     6.291674e-13     -3.627911e+04    6.018107e-13     -3.868806e-01    3.989259e-13     1.183099e+00     2.540401e-13     -3.534571e+04    1.274894e-13     -2.015879e-17    -1.879305e-18    -9.000248e-16    -3.409973e-18    3.534571e+04     -1.274894e-13    -1.183099e+00    -2.540402e-13    3.868806e-01     -3.989272e-13    3.627911e+04     -6.018107e-13    -3.444486e+04    -6.291674e-13    6.042975e-01     -8.554009e-13    
7.447818e-01     4.300000e-01     8.600000e-01     3.000000e+01     3.444501e+04     5.339068e-13     -3.627925e+04    5.072024e-13     1.201859e+00     3.410548e-13     -6.101028e-01    1.425357e-13     3.906848e-01     1.043454e-13     -3.534575e+04    4.026358e-15     1.086184e-32     1.033758e-32     1.623849e-17     -1.886935e-17    3.534575e+04     -4.026358e-15    -3.906848e-01    -1.043500e-13    6.101028e-01     -1.425397e-13    -1.201859e+00    -3.410550e-13    3.627925e+04     -5.072024e-13    -3.444501e+04    -5.339068e-13    
7.534421e-01     4.350000e-01     8.700000e-01     3.000000e+01     3.444517e+04     5.403540e-13     -3.627939e+04    5.099796e-13     -6.158954e-01    4.320345e-13     1.220751e+00     2.753188e-13     -3.944642e-01    5.837004e-14     -3.534579e+04    2.276894e-14     -8.862248e-17    2.647495e-18     6.456501e-16     -7.788521e-18    3.534579e+04     -2.276894e-14    3.944642e-01     -5.825662e-14    -1.220751e+00    -2.753369e-13    6.158954e-01     -4.319634e-13    3.627939e+04     -5.099796e-13    -3.444517e+04    -5.403540e-13    
7.621024e-01     4.400000e-01     8.800000e-01     3.000000e+01     3.444532e+04     5.857430e-13     -3.627953e+04    5.580303e-13     -6.216757e-01    5.520016e-13     1.239773e+00     2.713859e-13     -3.982186e-01    1.922230e-13     -3.534583e+04    1.114841e-13     -2.269145e-17    -2.352189e-18    -6.347599e-14    -4.110273e-18    3.534583e+04     -1.114841e-13    3.982186e-01     -1.922246e-13    -1.239773e+00    -2.713860e-13    6.216757e-01     -5.520029e-13    3.627953e+04     -5.580303e-13    -3.444532e+04    -5.857430e-13    
7.707626e-01     4.450000e-01     8.900000e-01     3.000000e+01     3.444548e+04     5.369615e-13     1.258927e+00     5.333773e-13     -3.627967e+04    5.089220e-13     3.534588e+04     2.288248e-13     -6.274443e-01    2.281922e-13     -4.019478e-01    8.681446e-14     -2.494921e-17    -2.826070e-18    4.555900e-15     -4.890912e-18    4.019478e-01     -8.681640e-14    6.274443e-01     -2.281937e-13    -3.534588e+04    -2.288248e-13    3.627967e+04     -5.089220e-13    -1.258927e+00    -5.333774e-13    -3.444548e+04    -5.369615e-13    
7.794229e-01     4.500000e-01     9.000000e-01     3.000000e+01     3.444564e+04     6.134217e-13     -3.627982e+04    5.836321e-13     1.278213e+00     4.509471e-13     -6.332016e-01    3.733011e-13     -4.056517e-01    2.040271e-13     3.534592e+04     3.108544e-15     -6.929784e-18    1.613535e-17     2.022980e-33     -3.910437e-33    -3.534592e+04    -3.108544e-15    4.056517e-01     -2.040230e-13    6.332016e-01     -3.732980e-13    -1.278213e+00    -4.509470e-13    3.627982e+04     -5.836321e-13    -3.444564e+04    -6.134217e-13    
7.880831e-01     4.550000e-01     9.100000e-01     3.000000e+01     3.444580e+04     4.581470e-13     -3.627996e+04    4.357168e-13     -6.389482e-01    3.708449e-13     1.297632e+00     2.768027e-13     -3.534596e+04    2.037990e-13     -4.093302e-01    9.407908e-14     -1.301610e-17    -6.769547e-18    -6.250649e-14    -1.185732e-17    4.093302e-01     -9.408387e-14    3.534596e+04     -2.037990e-13    -1.297632e+00    -2.768028e-13    6.389482e-01     -3.708485e-13    3.627996e+04     -4.357168e-13    -3.444580e+04    -4.581470e-13    
7.967434e-01     4.600000e-01     9.200000e-01     3.000000e+01     3.444596e+04     1.015667e-12     -3.628011e+04    9.624696e-13     1.317184e+00     7.905054e-13     -6.446845e-01    4.514476e-13     -3.534601e+04    1.829380e-13     -4.129832e-01    5.086356e-14     2.896562e-33     1.400058e-33     -1.130698e-17    -1.242153e-17    4.129832e-01     -5.086679e-14    3.534601e+04     -1.829380e-13    6.446845e-01     -4.514500e-13    -1.317184e+00    -7.905055e-13    3.628011e+04     -9.624696e-13    -3.444596e+04    -1.015667e-12    
8.054036e-01     4.650000e-01     9.300000e-01     3.000000e+01     1.336869e+00     5.160361e-13     3.444612e+04     5.029366e-13     -3.628025e+04    4.777639e-13     -6.504111e-01    2.374217e-13     -4.166106e-01    1.394899e-13     3.534605e+04     6.875560e-14     6.194839e-14     1.031090e-17     3.530895e-17     5.875202e-18     -3.534605e+04    -6.875560e-14    4.166106e-01     -1.394856e-13    6.504111e-01     -2.374187e-13    3.628025e+04     -4.777639e-13    -3.444612e+04    -5.029366e-13    -1.336869e+00    -5.160360e-13    
8.140639e-01     4.700000e-01     9.400000e-01     3.000000e+01     -6.561283e-01    1.134936e-12     3.444629e+04     1.084586e-12     -3.628040e+04    1.034075e-12     -4.202122e-01    3.671426e-13     1.356688e+00     2.771357e-13     -3.534610e+04    1.086497e-13     1.636074e-15     3.832387e-18     -3.403564e-17    2.268132e-18     3.534610e+04     -1.086497e-13    -1.356688e+00    -2.771356e-13    4.202122e-01     -3.671409e-13    3.628040e+04     -1.034075e-12    -3.444629e+04    -1.084586e-12    6.561283e-01     -1.134935e-12    
8.227241e-01     4.750000e-01     9.500000e-01     3.000000e+01     3.444645e+04     5.466118e-13     -3.628056e+04    5.201501e-13     -6.618367e-01    4.922882e-13     1.376640e+00     4.284847e-13     -4.237880e-01    2.728195e-13     3.534614e+04     6.180363e-14     2.657313e-16     4.992766e-17     -7.810011e-17    1.593765e-17     -3.534614e+04    -6.180363e-14    4.237880e-01     -2.727397e-13    -1.376640e+00    -4.284921e-13    6.618367e-01     -4.922386e-13    3.628056e+04     -5.201501e-13    -3.444645e+04    -5.466118e-13    
8.313844e-01     4.800000e-01     9.600000e-01     3.000000e+01     -6.675367e-01    5.627509e-13     3.444662e+04     5.183165e-13     -3.628071e+04    4.923877e-13     -4.273379e-01    2.334585e-13     1.396728e+00     2.272920e-13     3.534619e+04     1.313850e-13     -1.155384e-16    1.395395e-17     -4.486019e-17    1.786676e-18     -3.534619e+04    -1.313850e-13    -1.396728e+00    -2.272920e-13    4.273379e-01     -2.334543e-13    3.628071e+04     -4.923877e-13    -3.444662e+04    -5.183165e-13    6.675367e-01     -5.627481e-13    
8.400446e-01     4.850000e-01     9.700000e-01     3.000000e+01     3.444679e+04     5.276769e-13     -3.628086e+04    4.998674e-13     1.416950e+00     3.158439e-13     -3.534623e+04    1.775609e-13     4.308619e-01     1.193151e-13     -6.732287e-01    7.246494e-14     6.072478e-14     1.077267e-17     2.386059e-17     6.130869e-18     6.732287e-01     -7.246202e-14    -4.308619e-01    -1.193105e-13    3.534623e+04     -1.775609e-13    -1.416950e+00    -3.158439e-13    3.628086e+04     -4.998674e-13    -3.444679e+04    -5.276769e-13    
8.487049e-01     4.900000e-01     9.800000e-01     3.000000e+01     3.444697e+04     5.765094e-13     -3.628102e+04    5.502582e-13     1.437308e+00     3.999945e-13     -6.789132e-01    3.880743e-13     -4.343598e-01    1.689293e-13     -3.534628e+04    1.177738e-13     2.449777e-16     5.943148e-17     -4.327704e-17    8.559372e-18     3.534628e+04     -1.177738e-13    4.343598e-01     -1.688721e-13    6.789132e-01     -3.880369e-13    -1.437308e+00    -3.999984e-13    3.628102e+04     -5.502582e-13    -3.444697e+04    -5.765094e-13    
8.573651e-01     4.950000e-01     9.900000e-01     3.000000e+01     3.444714e+04     5.764033e-13     -3.628118e+04    5.432532e-13     -6.845905e-01    2.747155e-13     1.457802e+00     1.500470e-13     3.534633e+04     1.248533e-13     4.378316e-01     1.777650e-14     6.419229e-15     9.305996e-18     3.627914e-17     5.243359e-18     -4.378316e-01    -1.777244e-14    -3.534633e+04    -1.248533e-13    -1.457802e+00    -1.500470e-13    6.845905e-01     -2.747131e-13    3.628118e+04     -5.432532e-13    -3.444714e+04    -5.764033e-13    
8.660254e-01     5.000000e-01     1.000000e+00     3.000000e+01     1.478432e+00     6.153075e-13     3.444732e+04     5.140740e-13     -3.628134e+04    4.893446e-13     -6.902611e-01    1.614791e-13     -4.412772e-01    1.504248e-13     -3.534638e+04    1.266273e-14     6.664144e-15     1.062598e-18     -1.578869e-17    6.076062e-19     3.534638e+04     -1.266273e-14    4.412772e-01     -1.504244e-13    6.902611e-01     -1.614789e-13    3.628134e+04     -4.893446e-13    -3.444732e+04    -5.140740e-13    -1.478432e+00    -6.153075e-13    
