Below are the first nkwall=min(nw,4*S+6)=14 solutions from BO, sorted by imag part, at 26-Dec-2020 15:07:52
kz[kn]           kx[kn]           k[kn]            theta[deg]       Re(omega1[wn])   Im(omega1[wn])   Re(omega2[wn])   Im(omega2[wn])   Re(omega3[wn])   Im(omega3[wn])   Re(omega4[wn])   Im(omega4[wn])   Re(omega5[wn])   Im(omega5[wn])   Re(omega6[wn])   Im(omega6[wn])   Re(omega7[wn])   Im(omega7[wn])   Re(omega8[wn])   Im(omega8[wn])   Re(omega9[wn])   Im(omega9[wn])   Re(omega10[wn])  Im(omega10[wn])  Re(omega11[wn])  Im(omega11[wn])  Re(omega12[wn])  Im(omega12[wn])  Re(omega13[wn])  Im(omega13[wn])  Re(omega14[wn])  Im(omega14[wn])  
8.660254e-03     5.000000e-03     1.000000e-02     3.000000e+01     -1.722138e-11    7.330278e-09     -3.627334e+04    4.961574e-12     -3.443847e+04    1.558760e-12     9.320734e-14     4.244070e-13     3.404968e-16     7.180897e-18     1.469792e-16     -6.825378e-17    -1.072715e-13    -1.965272e-14    1.726572e-13     -3.087858e-14    5.347768e-16     -4.754019e-14    3.627334e+04     -4.818450e-13    3.443847e+04     -5.376212e-12    1.560507e-11     -7.330312e-09    -8.656617e-03    -4.725208e-08    8.656617e-03     -4.725272e-08    
1.732051e-02     1.000000e-02     2.000000e-02     3.000000e+01     -2.658734e-13    1.441927e-08     3.627334e+04     2.632206e-12     -3.627334e+04    1.670985e-12     3.090591e-14     3.508048e-13     3.443847e+04     1.456965e-13     -7.154252e-14    9.557754e-14     1.553751e-16     3.634509e-17     -1.559265e-17    -1.142218e-16    2.907283e-14     -4.881226e-14    -2.357462e-14    -4.156980e-13    -3.443847e+04    -1.252561e-12    1.854086e-13     -1.441946e-08    1.730561e-02     -3.764446e-07    -1.730561e-02    -3.764450e-07    
2.598076e-02     1.500000e-02     3.000000e-02     3.000000e+01     3.261382e-11     1.968374e-08     -3.443847e+04    8.777821e-12     3.443847e+04     2.494121e-12     5.002223e-13     8.945109e-13     -1.214611e-12    5.834373e-13     2.770281e-14     7.310604e-14     4.539935e-16     9.515920e-17     1.066072e-16     -4.532597e-17    -4.923857e-14    -5.762368e-13    -3.627335e+04    -1.551055e-12    3.627335e+04     -8.197000e-12    -3.300514e-11    -1.968505e-08    2.593946e-02     -1.261713e-06    -2.593946e-02    -1.261713e-06    
3.464102e-02     2.000000e-02     4.000000e-02     3.000000e+01     1.563456e-12     1.743028e-08     3.627335e+04     5.397301e-12     3.443848e+04     1.977941e-12     3.093566e-15     4.479565e-15     1.596179e-16     1.001196e-16     -9.005772e-18    -1.922768e-15    -1.359630e-13    -1.465396e-13    3.923220e-13     -4.389168e-13    -8.798442e-13    -4.438783e-13    -3.627335e+04    -3.676725e-12    -3.443848e+04    -5.785344e-12    -3.132123e-13    -1.742957e-08    -3.455084e-02    -2.961879e-06    3.455084e-02     -2.961883e-06    
4.330127e-02     2.500000e-02     5.000000e-02     3.000000e+01     2.801660e-08     1.998149e-11     -3.627336e+04    2.204488e-12     -3.443849e+04    1.637837e-12     -7.459263e-13    4.562706e-13     -8.437924e-14    4.667937e-14     -2.680078e-16    3.692171e-17     2.161889e-16     -1.233526e-16    3.620504e-13     -1.559683e-13    4.331170e-13     -1.130099e-12    3.627336e+04     -2.944881e-12    3.443849e+04     -4.605283e-12    -2.801676e-08    -1.960368e-11    4.313273e-02     -5.713605e-06    -4.313273e-02    -5.713607e-06    
5.196152e-02     3.000000e-02     6.000000e-02     3.000000e+01     -6.663774e-08    8.526006e-12     -3.627337e+04    2.243437e-12     4.369176e-13     1.372659e-12     3.794459e-13     2.123321e-13     4.028750e-14     1.448094e-14     9.403744e-17     8.460829e-16     3.337081e-16     4.891409e-17     -3.922924e-13    -3.283759e-13    3.627337e+04     -9.345260e-13    -3.443850e+04    -3.295416e-12    3.443850e+04     -6.156709e-12    6.663765e-08     -8.826061e-12    -5.167843e-02    -9.725230e-06    5.167843e-02     -9.725233e-06    
6.062178e-02     3.500000e-02     7.000000e-02     3.000000e+01     -1.160631e-07    2.505833e-12     -3.627338e+04    1.130900e-12     1.288019e-12     7.408874e-13     3.627338e+04     4.918580e-13     -3.272884e-17    -5.191479e-17    2.346315e-16     -8.914934e-17    -6.587785e-14    -2.461763e-14    2.484537e-13     -9.064696e-14    -6.432916e-13    -3.551214e-13    1.160631e-07     -2.825270e-12    -3.443851e+04    -8.829638e-12    3.443851e+04     -9.194554e-12    -6.018167e-02    -1.517141e-05    6.018167e-02     -1.517141e-05    
6.928203e-02     4.000000e-02     8.000000e-02     3.000000e+01     -1.801459e-07    1.005176e-12     3.672558e-13     2.179184e-13     -5.141464e-13    1.598863e-13     -2.769667e-13    1.550517e-13     -3.312173e-14    1.476973e-14     -2.350439e-17    -1.162394e-16    2.070064e-15     -3.241679e-16    3.627339e+04     -1.135660e-12    1.801460e-07     -1.546993e-12    3.443852e+04     -6.001322e-12    -3.627339e+04    -8.929717e-12    -3.443852e+04    -1.429551e-11    6.863664e-02     -2.218834e-05    -6.863664e-02    -2.218835e-05    
7.794229e-02     4.500000e-02     9.000000e-02     3.000000e+01     2.616628e-07     1.299472e-11     -3.131505e-14    5.951286e-13     9.661079e-13     3.916265e-13     -1.005828e-13    8.852277e-14     4.068521e-17     8.450327e-17     -1.417232e-16    -1.537083e-16    -3.967719e-13    -5.619790e-13    3.627340e+04     -7.380814e-12    -3.627340e+04    -1.075583e-11    -2.616628e-07    -1.396963e-11    3.443854e+04     -1.713862e-11    -3.443854e+04    -1.873493e-11    -7.703798e-02    -3.086946e-05    7.703798e-02     -3.086946e-05    
8.660254e-02     5.000000e-02     1.000000e-01     3.000000e+01     1.824994e-13     9.009763e-13     3.628022e-07     5.229994e-13     -2.931548e-14    1.795915e-15     -3.104037e-17    2.209625e-17     -1.479707e-15    -4.781754e-16    -7.780708e-13    -3.769879e-13    2.340721e-14     -9.848600e-13    -3.628022e-07    -2.171516e-12    3.627342e+04     -1.744725e-11    3.443855e+04     -2.150191e-11    -3.627342e+04    -2.215248e-11    -3.443855e+04    -2.591796e-11    -8.538078e-02    -4.126136e-05    8.538078e-02     -4.126136e-05    
9.526279e-02     5.500000e-02     1.100000e-01     3.000000e+01     4.860257e-07     1.300876e-11     9.403289e-13     3.527392e-13     -5.830199e-13    2.431395e-13     -4.494409e-17    -6.073843e-17    1.320787e-15     -7.827739e-17    -6.692646e-14    -2.295090e-14    5.780116e-14     -3.317519e-13    -4.860258e-07    -1.579395e-11    3.627343e+04     -2.606803e-11    -3.627343e+04    -3.197343e-11    3.443857e+04     -3.727975e-11    -3.443857e+04    -4.326940e-11    9.366062e-02     -5.335961e-05    -9.366062e-02    -5.335962e-05    
1.039230e-01     6.000000e-02     1.200000e-01     3.000000e+01     -6.335805e-07    1.019004e-11     -6.462391e-13    5.721960e-13     1.618245e-14     1.074265e-15     -2.716934e-16    5.087524e-16     5.485774e-17     -9.482898e-17    -5.203840e-13    -9.046039e-14    7.970717e-13     -8.632893e-13    6.335805e-07     -1.438881e-11    -3.627345e+04    -4.407842e-11    3.627345e+04     -4.842974e-11    -3.443859e+04    -6.030442e-11    3.443859e+04     -6.457953e-11    -1.018735e-01    -6.710459e-05    1.018735e-01     -6.710460e-05    
1.125833e-01     6.500000e-02     1.300000e-01     3.000000e+01     8.076787e-07     5.983205e-12     1.416478e-12     2.336015e-13     -4.028040e-13    2.052447e-13     4.915208e-14     1.122038e-13     -3.490941e-16    -4.230347e-17    -5.153136e-16    -1.822050e-16    -5.111476e-13    -4.104305e-13    -8.076786e-07    -1.258765e-11    3.627347e+04     -7.101037e-11    -3.627347e+04    -7.306406e-11    3.443861e+04     -8.772215e-11    -3.443861e+04    -8.834371e-11    -1.100158e-01    -8.237698e-05    1.100158e-01     -8.237700e-05    
1.212436e-01     7.000000e-02     1.400000e-01     3.000000e+01     -9.748945e-14    1.265414e-12     -2.389790e-14    1.959565e-14     1.617169e-15     8.588340e-16     -3.407362e-16    -4.427873e-16    -5.675431e-14    -2.083616e-13    8.696495e-13     -9.661072e-13    1.010535e-06     -3.955816e-12    -1.010536e-06    -4.937111e-12    -3.627349e+04    -9.728278e-11    3.627349e+04     -9.894858e-11    -3.443864e+04    -1.323849e-10    3.443864e+04     -1.345899e-10    1.180843e-01     -9.899331e-05    -1.180843e-01    -9.899331e-05    
1.299038e-01     7.500000e-02     1.500000e-01     3.000000e+01     1.244435e-06     4.743322e-12     -1.698538e-14    5.147383e-13     7.240561e-16     1.472389e-15     4.635953e-17     -1.663428e-16    2.860236e-13     -2.809168e-14    -1.276398e-13    -1.307205e-13    1.058468e-13     -2.498016e-13    -1.244435e-06    -1.790823e-11    -3.627352e+04    -1.391458e-10    3.627352e+04     -1.442024e-10    -3.443866e+04    -1.835327e-10    3.443866e+04     -1.890063e-10    1.260760e-01     -1.167015e-04    -1.260760e-01    -1.167015e-04    
1.385641e-01     8.000000e-02     1.600000e-01     3.000000e+01     -6.409718e-13    5.812649e-13     -1.819070e-14    7.819912e-15     6.490386e-15     5.174052e-15     1.794263e-17     -1.251046e-16    6.624633e-13     -3.208326e-13    -5.571028e-13    -7.375742e-13    1.511561e-06     -8.744913e-12    -1.511561e-06    -9.352054e-12    -3.627354e+04    -1.928520e-10    3.627354e+04     -1.985618e-10    -3.443869e+04    -2.533146e-10    3.443869e+04     -2.595534e-10    -1.339883e-01    -1.351769e-04    1.339883e-01     -1.351769e-04    
1.472243e-01     8.500000e-02     1.700000e-01     3.000000e+01     -7.420577e-13    3.154700e-13     2.739581e-13     2.452777e-13     7.653543e-17     -6.798615e-19    -1.116205e-15    -2.415537e-15    -2.475466e-14    -4.952570e-14    4.237030e-14     -9.981883e-13    1.814196e-06     -1.169236e-11    -1.814196e-06    -1.270112e-11    3.627357e+04     -2.638143e-10    -3.627357e+04    -2.678881e-10    3.443872e+04     -3.453510e-10    -3.443872e+04    -3.496317e-10    1.418189e-01     -1.540194e-04    -1.418189e-01    -1.540194e-04    
1.558846e-01     9.000000e-02     1.800000e-01     3.000000e+01     6.437564e-13     2.435733e-13     -1.880793e-13    1.707998e-14     -3.553080e-16    2.036742e-15     1.847473e-16     1.573329e-17     1.650419e-13     -2.357832e-13    -1.006146e-12    -2.806307e-13    -2.154540e-06    -7.918952e-12    2.154540e-06     -2.470981e-11    3.627360e+04     -3.544654e-10    -3.627360e+04    -3.558523e-10    3.443875e+04     -4.596847e-10    -3.443875e+04    -4.600997e-10    -1.495653e-01    -1.727516e-04    1.495653e-01     -1.727516e-04    
1.645448e-01     9.500000e-02     1.900000e-01     3.000000e+01     -2.910929e-13    1.483204e-12     1.404282e-14     1.114073e-13     1.129613e-16     1.190768e-16     6.302135e-15     -1.300541e-15    3.252456e-14     -4.931935e-14    9.829606e-13     -1.133721e-12    2.534764e-06     -2.072913e-11    -2.534764e-06    -2.212351e-11    -3.627363e+04    -4.663880e-10    3.627363e+04     -4.689790e-10    -3.443878e+04    -5.984865e-10    3.443878e+04     -6.008666e-10    -1.572256e-01    -1.908196e-04    1.572256e-01     -1.908196e-04    
1.732051e-01     1.000000e-01     2.000000e-01     3.000000e+01     3.746953e-13     1.282647e-12     -1.020662e-16    -4.298848e-17    -5.650337e-16    -4.224851e-16    -4.511314e-14    -2.695303e-14    4.025562e-13     -2.050648e-13    -5.846590e-13    -6.903065e-13    -2.957171e-06    -2.694117e-11    2.957171e-06     -2.824726e-11    -3.627366e+04    -5.965214e-10    3.627366e+04     -6.021396e-10    -3.443882e+04    -7.774189e-10    3.443882e+04     -7.839172e-10    -1.647975e-01    -2.075967e-04    1.647975e-01     -2.075968e-04    
1.818653e-01     1.050000e-01     2.100000e-01     3.000000e+01     8.818037e-14     8.326165e-13     -1.182314e-14    9.071125e-16     1.439755e-17     2.454633e-16     1.260165e-14     -1.411839e-14    -1.163350e-12    -3.749629e-14    8.554844e-13     -4.022867e-13    3.423844e-06     -2.797323e-11    -3.423844e-06    -4.237656e-11    -3.627369e+04    -7.638987e-10    3.627369e+04     -7.678778e-10    -3.443886e+04    -9.941583e-10    3.443886e+04     -9.974458e-10    -1.722791e-01    -2.223906e-04    1.722791e-01     -2.223906e-04    
1.905256e-01     1.100000e-01     2.200000e-01     3.000000e+01     4.544532e-13     4.185703e-13     5.060069e-14     2.854676e-14     2.050961e-18     1.149567e-16     -1.123493e-16    -9.184070e-16    -7.748964e-13    -3.346089e-13    4.849933e-13     -6.862066e-13    -3.937168e-06    -4.431743e-11    3.937169e-06     -4.472186e-11    3.627372e+04     -9.741423e-10    -3.627372e+04    -9.742488e-10    -3.443889e+04    -1.247049e-09    3.443889e+04     -1.247557e-09    1.796683e-01     -2.344557e-04    -1.796683e-01    -2.344557e-04    
1.991858e-01     1.150000e-01     2.300000e-01     3.000000e+01     9.521693e-13     3.962520e-12     1.154305e-14     1.242816e-13     -6.379771e-17    3.974167e-17     -1.229946e-15    -6.124269e-16    1.171045e-13     -9.400130e-14    -1.407384e-12    -1.188844e-12    -4.499243e-06    -5.561352e-11    4.499243e-06     -5.564690e-11    -3.627376e+04    -1.202509e-09    3.627376e+04     -1.214733e-09    -3.443893e+04    -1.559811e-09    3.443893e+04     -1.573026e-09    -1.869629e-01    -2.430112e-04    1.869629e-01     -2.430112e-04    
2.078461e-01     1.200000e-01     2.400000e-01     3.000000e+01     9.967278e-13     1.288248e-12     1.028761e-16     -6.060072e-17    1.071866e-16     -3.036121e-15    -4.105048e-14    -2.476916e-14    -2.368632e-13    -6.519644e-13    -1.109166e-12    -9.789153e-13    5.112297e-06     -6.877338e-11    -5.112298e-06    -6.911432e-11    3.627380e+04     -1.491441e-09    -3.627380e+04    -1.504615e-09    3.443898e+04     -1.927231e-09    -3.443898e+04    -1.941232e-09    1.941607e-01     -2.472658e-04    -1.941607e-01    -2.472658e-04    
2.165064e-01     1.250000e-01     2.500000e-01     3.000000e+01     -1.984886e-13    7.380634e-13     -7.800604e-14    4.139289e-14     8.240813e-17     2.437749e-17     2.653268e-17     -3.881783e-16    5.439390e-13     -8.160621e-14    -2.461703e-13    -1.106468e-12    5.778559e-06     -8.412760e-11    -5.778559e-06    -8.436067e-11    -3.627384e+04    -1.827903e-09    3.627384e+04     -1.833790e-09    -3.443902e+04    -2.377498e-09    3.443902e+04     -2.384447e-09    -2.012591e-01    -2.464508e-04    2.012591e-01     -2.464508e-04    
2.251666e-01     1.300000e-01     2.600000e-01     3.000000e+01     2.518796e-13     9.519647e-13     -8.613949e-13    2.945767e-13     1.780402e-13     1.913533e-13     1.323895e-16     1.881481e-17     -2.194264e-16    -1.949253e-16    3.050532e-13     -1.695696e-13    -6.500216e-06    -9.760270e-11    6.500215e-06     -1.084297e-10    3.627388e+04     -2.230275e-09    -3.627388e+04    -2.231829e-09    3.443906e+04     -2.888024e-09    -3.443906e+04    -2.889642e-09    2.082554e-01     -2.398611e-04    -2.082554e-01    -2.398611e-04    
2.338269e-01     1.350000e-01     2.700000e-01     3.000000e+01     -4.320916e-13    1.191210e-12     7.552938e-14     1.084017e-13     -1.069740e-16    -4.023988e-17    2.042959e-15     -3.240602e-15    -1.216700e-13    -6.073557e-14    9.935215e-13     -6.554092e-13    7.279490e-06     -1.239283e-10    -7.279490e-06    -1.242478e-10    3.627392e+04     -2.685512e-09    -3.627392e+04    -2.688951e-09    3.443911e+04     -3.495604e-09    -3.443911e+04    -3.498661e-09    -2.151467e-01    -2.269060e-04    2.151467e-01     -2.269060e-04    
2.424871e-01     1.400000e-01     2.800000e-01     3.000000e+01     4.426422e-13     1.003897e-13     3.978912e-14     1.085367e-14     -4.501062e-17    -1.918299e-17    -2.535572e-15    -1.062170e-15    -4.724241e-13    -6.424513e-14    4.592510e-13     -1.100072e-12    8.118576e-06     -1.427310e-10    -8.118575e-06    -1.529428e-10    3.627396e+04     -3.217746e-09    -3.627396e+04    -3.227227e-09    3.443916e+04     -4.190092e-09    -3.443916e+04    -4.201351e-09    2.219298e-01     -2.071693e-04    -2.219298e-01    -2.071693e-04    
2.511474e-01     1.450000e-01     2.900000e-01     3.000000e+01     -5.406949e-13    2.245102e-12     7.350447e-13     1.883242e-13     -7.196118e-17    1.742145e-16     5.350855e-16     -1.037275e-15    8.868429e-14     -1.610043e-14    -4.800759e-14    -2.700571e-14    -9.019709e-06    -1.775125e-10    9.019710e-06     -1.776000e-10    3.627401e+04     -3.839778e-09    -3.627401e+04    -3.841589e-09    3.443921e+04     -4.996854e-09    -3.443921e+04    -4.999641e-09    -2.286012e-01    -1.804782e-04    2.286012e-01     -1.804782e-04    
2.598076e-01     1.500000e-01     3.000000e-01     3.000000e+01     -7.605758e-14    2.549214e-12     1.165466e-12     2.804979e-13     -3.325831e-14    6.615168e-14     -8.993783e-17    8.012856e-17     9.383047e-17     -2.684242e-16    7.783875e-14     -1.863586e-12    9.985059e-06     -2.049687e-10    -9.985058e-06    -2.144714e-10    -3.627406e+04    -4.545456e-09    3.627406e+04     -4.552238e-09    -3.443926e+04    -5.920399e-09    3.443926e+04     -5.925347e-09    -2.351570e-01    -1.469813e-04    2.351570e-01     -1.469813e-04    
2.684679e-01     1.550000e-01     3.100000e-01     3.000000e+01     1.570759e-12     1.284685e-12     -2.647331e-13    2.014713e-13     -2.846978e-12    1.398148e-13     3.437404e-16     4.577686e-16     -2.762850e-16    -2.266249e-16    -3.741719e-13    -2.320473e-13    1.101685e-05     -2.425997e-10    -1.101685e-05    -2.520469e-10    -3.627411e+04    -5.362418e-09    3.627411e+04     -5.368295e-09    -3.443932e+04    -6.968610e-09    3.443932e+04     -6.975487e-09    2.415930e-01     -1.072311e-04    -2.415930e-01    -1.072311e-04    
2.771281e-01     1.600000e-01     3.200000e-01     3.000000e+01     1.650984e-12     9.474650e-13     -1.872603e-13    2.553340e-13     -9.608498e-15    3.368209e-15     -1.398331e-16    -1.452712e-16    5.427252e-15     -2.103766e-15    -8.964262e-13    -1.282434e-12    1.211724e-05     -2.907476e-10    -1.211724e-05    -2.908911e-10    3.627416e+04     -6.274910e-09    -3.627416e+04    -6.287343e-09    3.443937e+04     -8.169777e-09    -3.443937e+04    -8.182564e-09    2.479050e-01     -6.227102e-05    -2.479050e-01    -6.227103e-05    
2.857884e-01     1.650000e-01     3.300000e-01     3.000000e+01     -8.107491e-13    1.772808e-12     -1.191102e-15    6.289140e-16     -5.003695e-17    8.525645e-17     -7.182894e-14    -2.822881e-14    -1.673035e-13    -2.082553e-13    4.171449e-13     -1.707316e-12    -1.328852e-05    -3.375470e-10    1.328852e-05     -3.381758e-10    3.627421e+04     -7.327292e-09    -3.627421e+04    -7.331901e-09    3.443943e+04     -9.529664e-09    -3.443943e+04    -9.533862e-09    -2.540884e-01    -1.372033e-05    2.540884e-01     -1.372033e-05    
2.944486e-01     1.700000e-01     3.400000e-01     3.000000e+01     2.601383e-01     3.614712e-05     -2.601383e-01    3.614711e-05     -1.472769e-12    1.439503e-12     -6.564613e-15    2.999404e-13     -3.186472e-18    -1.907189e-16    -1.258036e-15    -1.861208e-15    1.494856e-14     -4.858616e-15    9.329127e-13     -1.419482e-12    1.453279e-05     -3.921936e-10    -1.453279e-05    -3.923274e-10    -3.627426e+04    -8.505684e-09    3.627426e+04     -8.513766e-09    -3.443949e+04    -1.106145e-08    3.443949e+04     -1.107096e-08    
3.031089e-01     1.750000e-01     3.500000e-01     3.000000e+01     -2.660502e-01    8.433654e-05     2.660502e-01     8.433654e-05     -3.715800e-13    2.491049e-12     -3.102046e-13    6.696031e-14     -4.806297e-16    -4.542689e-17    -2.934367e-15    -3.904509e-16    8.338736e-14     -6.021530e-14    3.247619e-13     -1.465135e-12    1.585229e-05     -4.536053e-10    -1.585229e-05    -4.540225e-10    3.627432e+04     -9.830102e-09    -3.627432e+04    -9.832388e-09    3.443955e+04     -1.279567e-08    -3.443955e+04    -1.279819e-08    
3.117691e-01     1.800000e-01     3.600000e-01     3.000000e+01     2.718194e-01     1.270851e-04     -2.718194e-01    1.270851e-04     5.268889e-13     8.640149e-13     -6.654493e-14    5.712923e-14     1.280198e-15     8.200781e-16     2.236101e-17     1.104569e-18     9.711516e-13     -1.021398e-12    -7.648959e-13    -1.046312e-12    1.724919e-05     -5.180900e-10    -1.724919e-05    -5.258934e-10    -3.627437e+04    -1.131608e-08    3.627437e+04     -1.131903e-08    -3.443961e+04    -1.473194e-08    3.443961e+04     -1.473479e-08    
3.204294e-01     1.850000e-01     3.700000e-01     3.000000e+01     2.774415e-01     1.598403e-04     -2.774415e-01    1.598403e-04     8.255994e-13     6.026085e-13     -1.865568e-14    1.029157e-14     -2.416441e-16    -2.845871e-16    2.167601e-15     -4.341028e-16    -1.613055e-12    -5.138243e-13    1.029625e-12     -1.019790e-12    1.872572e-05     -5.986603e-10    -1.872573e-05    -5.990434e-10    -3.627443e+04    -1.297763e-08    3.627443e+04     -1.297791e-08    3.443968e+04     -1.689653e-08    -3.443968e+04    -1.689673e-08    
3.290897e-01     1.900000e-01     3.800000e-01     3.000000e+01     -2.829125e-01    1.772685e-04     2.829125e-01     1.772685e-04     -6.899360e-13    2.254400e-12     1.664431e-14     1.659900e-14     2.757322e-17     -1.272691e-16    -3.528825e-15    -3.079740e-15    -9.109666e-13    -1.328010e-12    1.337426e-12     -1.655477e-12    -2.028403e-05    -6.841121e-10    2.028403e-05     -6.843513e-10    -3.627449e+04    -1.482782e-08    3.627449e+04     -1.483197e-08    -3.443974e+04    -1.930273e-08    3.443974e+04     -1.930902e-08    
3.377499e-01     1.950000e-01     3.900000e-01     3.000000e+01     2.882288e-01     1.732989e-04     -2.882288e-01    1.732989e-04     9.781803e-13     6.050027e-13     -2.291645e-13    1.614012e-13     1.944814e-16     6.902655e-17     3.827730e-15     -6.978350e-15    1.935568e-13     -1.133457e-13    -6.499742e-13    -1.177934e-13    -2.192636e-05    -7.782602e-10    2.192636e-05     -7.784965e-10    -3.627455e+04    -1.688000e-08    3.627455e+04     -1.689304e-08    -3.443981e+04    -2.197692e-08    3.443981e+04     -2.198983e-08    
3.464102e-01     2.000000e-01     4.000000e-01     3.000000e+01     -2.933878e-01    1.412015e-04     2.933878e-01     1.412015e-04     2.326216e-12     6.993840e-13     1.827813e-14     1.370618e-14     -1.506145e-15    2.839216e-15     -6.513740e-17    4.563817e-17     1.755483e-13     -2.275918e-13    -1.911768e-12    -2.289037e-13    2.365484e-05     -8.796825e-10    -2.365484e-05    -8.865304e-10    3.627462e+04     -1.915959e-08    -3.627462e+04    -1.916535e-08    3.443988e+04     -2.495250e-08    -3.443988e+04    -2.495691e-08    
3.550704e-01     2.050000e-01     4.100000e-01     3.000000e+01     2.983873e-01     7.369903e-05     -2.983873e-01    7.369903e-05     9.876698e-13     1.032359e-12     -2.891204e-16    -1.371935e-16    8.292263e-16     -1.992865e-16    -2.238214e-14    -9.962360e-15    -7.677271e-13    -3.508510e-13    -2.943186e-12    -1.085269e-12    -2.547172e-05    -9.967467e-10    2.547171e-05     -1.003522e-09    -3.627468e+04    -2.167830e-08    3.627468e+04     -2.168222e-08    -3.443995e+04    -2.822812e-08    3.443995e+04     -2.823228e-08    
3.637307e-01     2.100000e-01     4.200000e-01     3.000000e+01     -3.196446e-13    3.678215e-13     -1.049099e-14    1.002265e-14     -5.863117e-18    5.969794e-17     -1.055781e-14    -2.629272e-14    6.775885e-13     -4.956384e-13    -8.036841e-13    -1.148116e-12    2.737909e-05     -1.123652e-09    -2.737909e-05    -1.130491e-09    -3.627475e+04    -2.444322e-08    3.627475e+04     -2.444707e-08    -3.444003e+04    -3.185574e-08    3.444003e+04     -3.186009e-08    -3.032263e-01    -3.689250e-05    3.032263e-01     -3.689251e-05    
3.723909e-01     2.150000e-01     4.300000e-01     3.000000e+01     2.944939e-13     1.056932e-12     -5.756820e-13    2.351343e-13     6.573188e-15     3.150542e-15     1.438238e-18     6.784738e-17     1.823397e-15     -1.674211e-14    3.286751e-13     -1.199831e-13    -2.937923e-05    -1.264159e-09    2.937923e-05     -1.264398e-09    -3.627482e+04    -2.748784e-08    3.627482e+04     -2.749286e-08    -3.444010e+04    -3.584215e-08    3.444010e+04     -3.584689e-08    -3.079046e-01    -1.985037e-04    3.079046e-01     -1.985037e-04    
3.810512e-01     2.200000e-01     4.400000e-01     3.000000e+01     3.352520e-15     2.603492e-15     -1.376288e-16    6.267485e-17     6.074368e-14     -3.318038e-16    -2.069372e-13    -1.972274e-13    8.580942e-13     -2.101391e-13    -1.800510e-12    -9.894263e-13    3.147427e-05     -1.416875e-09    -3.147427e-05    -1.423593e-09    -3.627489e+04    -3.084276e-08    3.627489e+04     -3.084598e-08    -3.444018e+04    -4.020138e-08    3.444018e+04     -4.020257e-08    3.124230e-01     -4.191398e-04    -3.124230e-01    -4.191398e-04    
3.897114e-01     2.250000e-01     4.500000e-01     3.000000e+01     -1.278464e-15    1.197134e-12     -1.124626e-14    6.035208e-13     -1.299186e-16    -1.351641e-17    2.436447e-15     -2.045824e-15    1.135575e-14     -8.025976e-14    6.611522e-13     -3.081752e-13    3.366638e-05     -1.588951e-09    -3.366638e-05    -1.595183e-09    -3.627496e+04    -3.450406e-08    3.627496e+04     -3.451111e-08    -3.444026e+04    -4.498541e-08    3.444026e+04     -4.499154e-08    3.167835e-01     -7.067090e-04    -3.167835e-01    -7.067090e-04    
3.983717e-01     2.300000e-01     4.600000e-01     3.000000e+01     -6.279213e-13    8.987748e-13     1.180963e-12     4.094005e-13     3.019048e-14     7.461384e-16     -1.565272e-15    1.337110e-16     1.981494e-16     -4.069284e-16    -3.028671e-13    -6.418422e-13    -3.595777e-05    -1.772200e-09    3.595777e-05     -1.778273e-09    3.627503e+04     -3.851044e-08    -3.627503e+04    -3.851115e-08    3.444034e+04     -5.021979e-08    -3.444034e+04    -5.022133e-08    -5.540974e-01    -9.062973e-04    5.540974e-01     -9.062973e-04    
4.070319e-01     2.350000e-01     4.700000e-01     3.000000e+01     6.872597e-13     2.246934e-13     -3.382097e-14    2.964240e-14     1.298120e-16     4.184497e-17     -4.586257e-15    -3.234282e-15    5.961216e-14     -5.490181e-13    -7.371401e-13    -9.292134e-13    3.835058e-05     -1.974143e-09    -3.835057e-05    -1.980328e-09    -3.627510e+04    -4.286676e-08    3.627510e+04     -4.287668e-08    -3.444042e+04    -5.592778e-08    3.444042e+04     -5.593858e-08    5.683960e-01     -1.000329e-03    -5.683960e-01    -1.000329e-03    
4.156922e-01     2.400000e-01     4.800000e-01     3.000000e+01     2.504475e-12     7.551059e-13     -3.259628e-14    3.092721e-13     -2.590250e-12    5.601235e-14     1.567830e-14     1.631868e-14     -5.991732e-17    1.831420e-16     2.429349e-15     -1.238114e-15    -4.084700e-05    -2.190649e-09    4.084700e-05     -2.190847e-09    -3.627518e+04    -4.762111e-08    3.627518e+04     -4.763004e-08    -3.444051e+04    -6.214360e-08    3.444051e+04     -6.215258e-08    5.828127e-01     -1.098864e-03    -5.828127e-01    -1.098864e-03    
4.243524e-01     2.450000e-01     4.900000e-01     3.000000e+01     -4.867989e-13    4.832952e-13     7.267139e-13     4.504826e-13     1.677315e-15     8.406973e-15     -3.883518e-17    -1.412187e-16    -2.377464e-15    -2.062557e-14    6.936483e-13     -1.245494e-12    4.344920e-05     -2.427264e-09    -4.344920e-05    -2.432845e-09    -3.627526e+04    -5.278691e-08    3.627526e+04     -5.279491e-08    -3.444059e+04    -6.890149e-08    3.444059e+04     -6.890838e-08    5.973480e-01     -1.200574e-03    -5.973480e-01    -1.200574e-03    
4.330127e-01     2.500000e-01     5.000000e-01     3.000000e+01     -1.122405e-13    2.365373e-13     4.333517e-14     2.794330e-14     -2.839475e-15    5.224425e-16     6.108137e-17     -9.206628e-17    4.023969e-13     -4.387863e-13    5.291902e-13     -1.297902e-12    -4.615933e-05    -2.694490e-09    4.615933e-05     -2.694748e-09    3.627534e+04     -5.839082e-08    -3.627534e+04    -5.839597e-08    3.444068e+04     -7.623626e-08    -3.444068e+04    -7.624179e-08    6.120024e-01     -1.304255e-03    -6.120024e-01    -1.304255e-03    
4.416730e-01     2.550000e-01     5.100000e-01     3.000000e+01     -5.219400e-13    5.171597e-13     2.003773e-14     1.497257e-14     -1.568386e-15    3.725277e-16     4.781331e-17     -5.093119e-17    1.616180e-12     -3.403532e-14    1.532155e-14     -4.473907e-13    -4.897957e-05    -2.973108e-09    4.897957e-05     -2.973180e-09    -3.627542e+04    -6.445495e-08    3.627542e+04     -6.445940e-08    -3.444077e+04    -8.418894e-08    3.444077e+04     -8.419250e-08    -6.267761e-01    -1.408875e-03    6.267761e-01     -1.408875e-03    
4.503332e-01     2.600000e-01     5.200000e-01     3.000000e+01     2.899426e-13     5.149752e-13     3.305008e-16     -5.461991e-17    3.093560e-15     -1.496888e-15    -4.835222e-14    -5.899926e-15    -6.270368e-13    -4.637969e-13    1.452323e-13     -5.043505e-13    -5.191209e-05    -3.273886e-09    5.191209e-05     -3.274009e-09    -3.627550e+04    -7.101468e-08    3.627550e+04     -7.102155e-08    -3.444086e+04    -9.278434e-08    3.444086e+04     -9.279157e-08    6.416691e-01     -1.513594e-03    -6.416691e-01    -1.513594e-03    
4.589935e-01     2.650000e-01     5.300000e-01     3.000000e+01     6.731852e-13     4.568490e-13     -3.098882e-17    2.894153e-17     -7.368367e-16    -2.738593e-15    -9.118525e-15    -3.133040e-14    -3.758909e-13    -1.352896e-13    9.189508e-13     -7.829903e-13    -5.495903e-05    -3.597658e-09    5.495903e-05     -3.597688e-09    3.627558e+04     -7.809998e-08    -3.627558e+04    -7.811438e-08    3.444095e+04     -1.020630e-07    -3.444095e+04    -1.020770e-07    6.566813e-01     -1.617762e-03    -6.566813e-01    -1.617762e-03    
4.676537e-01     2.700000e-01     5.400000e-01     3.000000e+01     -7.426893e-13    7.658127e-13     1.068042e-12     2.389167e-13     -1.951185e-14    1.877365e-14     -1.792888e-15    9.067405e-15     9.378609e-17     -7.971308e-17    2.219467e-13     -1.120106e-12    -5.812255e-05    -3.953263e-09    5.812255e-05     -3.958521e-09    3.627567e+04     -8.573813e-08    -3.627567e+04    -8.573939e-08    3.444105e+04     -1.120923e-07    -3.444105e+04    -1.120927e-07    6.718128e-01     -1.720902e-03    -6.718128e-01    -1.720902e-03    
4.763140e-01     2.750000e-01     5.500000e-01     3.000000e+01     -1.323631e-13    2.139602e-12     5.433696e-14     5.176992e-14     3.656202e-16     5.809991e-16     7.521258e-16     -3.912405e-17    -1.037496e-13    -2.147028e-13    -1.131021e-12    -1.111158e-12    -6.140482e-05    -4.322393e-09    6.140481e-05     -4.323209e-09    -3.627576e+04    -9.396609e-08    3.627576e+04     -9.397331e-08    -3.444115e+04    -1.228704e-07    3.444115e+04     -1.228779e-07    6.870634e-01     -1.822683e-03    -6.870634e-01    -1.822683e-03    
4.849742e-01     2.800000e-01     5.600000e-01     3.000000e+01     -7.927765e-13    5.461714e-13     8.574016e-15     3.482227e-15     -7.569223e-17    7.003894e-17     -1.198291e-14    -2.484525e-14    3.449408e-13     -3.371979e-13    -4.888368e-13    -5.791742e-13    -6.480798e-05    -4.735890e-09    6.480798e-05     -4.736133e-09    3.627584e+04     -1.028066e-07    -3.627584e+04    -1.028095e-07    3.444124e+04     -1.344811e-07    -3.444124e+04    -1.344820e-07    -7.024333e-01    -1.922887e-03    7.024333e-01     -1.922887e-03    
4.936345e-01     2.850000e-01     5.700000e-01     3.000000e+01     -4.017693e-13    3.317287e-13     -1.953865e-14    1.385387e-14     1.353493e-16     8.536438e-17     5.088281e-15     -8.589015e-15    2.479013e-13     -6.667687e-13    9.069004e-13     -7.148926e-13    6.833420e-05     -5.170610e-09    -6.833420e-05    -5.175771e-09    -3.627593e+04    -1.123007e-07    3.627593e+04     -1.123031e-07    -3.444134e+04    -1.469476e-07    3.444134e+04     -1.469503e-07    7.179224e-01     -2.021380e-03    -7.179224e-01    -2.021380e-03    
5.022947e-01     2.900000e-01     5.800000e-01     3.000000e+01     1.503223e-12     1.697279e-13     -9.070618e-14    1.290242e-13     1.849908e-15     8.541014e-15     -4.368002e-16    -1.573618e-16    -1.210969e-15    -3.040861e-14    -5.818023e-13    -3.486584e-13    7.198560e-05     -5.646257e-09    -7.198559e-05    -5.651461e-09    -3.627603e+04    -1.224811e-07    3.627603e+04     -1.224872e-07    -3.444145e+04    -1.603211e-07    3.444145e+04     -1.603267e-07    -7.335311e-01    -2.118086e-03    7.335311e-01     -2.118086e-03    
5.109550e-01     2.950000e-01     5.900000e-01     3.000000e+01     -6.084320e-15    3.042368e-14     -7.603174e-13    2.432794e-16     1.498740e-16     1.841361e-16     -5.684505e-15    -7.380465e-15    3.925498e-13     -7.733672e-15    3.077163e-13     -2.747375e-12    -7.576433e-05    -6.143090e-09    7.576433e-05     -6.143112e-09    -3.627612e+04    -1.333803e-07    3.627612e+04     -1.333872e-07    -3.444155e+04    -1.746626e-07    3.444155e+04     -1.746691e-07    7.492593e-01     -2.212958e-03    -7.492593e-01    -2.212958e-03    
5.196152e-01     3.000000e-01     6.000000e-01     3.000000e+01     2.801284e-12     1.545937e-12     4.956198e-15     4.040380e-15     -4.725041e-15    3.848164e-16     4.211584e-17     1.513326e-16     -5.132767e-13    -1.308257e-13    -3.968963e-13    -2.096288e-12    7.967254e-05     -6.688133e-09    -7.967255e-05    -6.692721e-09    -3.627622e+04    -1.450535e-07    3.627622e+04     -1.450613e-07    -3.444165e+04    -1.899995e-07    3.444165e+04     -1.900075e-07    -7.651075e-01    -2.305965e-03    7.651075e-01     -2.305965e-03    
5.282755e-01     3.050000e-01     6.100000e-01     3.000000e+01     3.851324e-13     3.534198e-13     -3.482028e-14    4.745356e-14     1.125712e-15     3.466135e-15     -5.384322e-13    5.937006e-16     -2.069431e-16    -3.039794e-17    1.568819e-12     -7.488882e-13    -8.371237e-05    -7.249106e-09    8.371237e-05     -7.249284e-09    3.627631e+04     -1.575196e-07    -3.627631e+04    -1.575333e-07    3.444176e+04     -2.064057e-07    -3.444176e+04    -2.064187e-07    7.810760e-01     -2.397072e-03    -7.810760e-01    -2.397072e-03    
5.369358e-01     3.100000e-01     6.200000e-01     3.000000e+01     -2.557482e-13    6.362098e-14     -1.749826e-16    1.279816e-16     -4.093995e-15    -3.004277e-15    7.361261e-15     -5.196246e-15    1.647980e-12     -2.985254e-13    -3.907600e-13    -1.128502e-12    8.788596e-05     -7.865232e-09    -8.788596e-05    -7.865442e-09    3.627641e+04     -1.708384e-07    -3.627641e+04    -1.708446e-07    3.444187e+04     -2.239276e-07    -3.444187e+04    -2.239340e-07    -7.971650e-01    -2.486232e-03    7.971650e-01     -2.486232e-03    
5.455960e-01     3.150000e-01     6.300000e-01     3.000000e+01     -1.019502e-12    5.004758e-13     1.288394e-12     3.934100e-13     -1.603709e-13    3.053767e-14     -6.095331e-16    6.459896e-16     1.466431e-15     -5.650469e-17    6.052867e-14     -8.124948e-15    9.219545e-05     -8.527569e-09    -9.219545e-05    -8.527588e-09    3.627651e+04     -1.850305e-07    -3.627651e+04    -1.850395e-07    3.444198e+04     -2.426209e-07    -3.444198e+04    -2.426303e-07    -8.133750e-01    -2.573381e-03    8.133750e-01     -2.573381e-03    
5.542563e-01     3.200000e-01     6.400000e-01     3.000000e+01     1.767734e-12     1.114261e-12     6.063849e-14     1.111434e-14     1.459005e-16     -2.423335e-17    -3.314968e-15    -1.088832e-14    9.379482e-14     -6.151355e-13    -8.531371e-13    -1.688706e-12    9.664294e-05     -9.212479e-09    -9.664295e-05    -9.216859e-09    -3.627661e+04    -2.001580e-07    3.627661e+04     -2.001614e-07    -3.444209e+04    -2.625461e-07    3.444209e+04     -2.625510e-07    8.297063e-01     -2.658431e-03    -8.297063e-01    -2.658431e-03    
5.629165e-01     3.250000e-01     6.500000e-01     3.000000e+01     1.183705e-12     2.088223e-12     1.158665e-14     2.429368e-14     -9.987569e-15    4.441776e-15     1.629685e-17     1.136070e-16     3.458815e-13     -2.256188e-13    5.613661e-14     -2.735867e-12    -1.012306e-04    -9.953910e-09    1.012306e-04     -9.954129e-09    -3.627672e+04    -2.162421e-07    3.627672e+04     -2.162494e-07    -3.444221e+04    -2.837670e-07    3.444221e+04     -2.837760e-07    8.461594e-01     -2.741271e-03    -8.461594e-01    -2.741271e-03    
5.715768e-01     3.300000e-01     6.600000e-01     3.000000e+01     -3.640396e-13    6.829803e-13     2.428745e-14     1.969261e-13     -5.833009e-14    9.576845e-14     -9.286229e-16    4.239893e-15     1.056170e-16     2.227248e-16     -7.213007e-14    -2.146226e-13    -1.059605e-04    -1.074024e-08    1.059605e-04     -1.074061e-08    3.627682e+04     -2.333555e-07    -3.627682e+04    -2.333636e-07    3.444232e+04     -3.063311e-07    -3.444232e+04    -3.063397e-07    -8.627347e-01    -2.821770e-03    8.627347e-01     -2.821770e-03    
5.802370e-01     3.350000e-01     6.700000e-01     3.000000e+01     1.528894e-13     8.308291e-13     -4.416581e-14    2.557684e-14     1.020016e-13     1.835778e-14     -9.184588e-16    1.902212e-15     -3.534695e-17    -3.670212e-17    1.731613e-14     -1.089589e-12    1.108349e-04     -1.157264e-08    -1.108349e-04    -1.157670e-08    -3.627693e+04    -2.515287e-07    3.627693e+04     -2.515406e-07    -3.444244e+04    -3.303123e-07    3.444244e+04     -3.303242e-07    -8.794325e-01    -2.899776e-03    8.794325e-01     -2.899776e-03    
5.888973e-01     3.400000e-01     6.800000e-01     3.000000e+01     -7.178079e-13    9.777572e-13     -5.914022e-13    2.275368e-13     3.306480e-17     1.604911e-16     2.856643e-15     -4.689913e-15    2.065549e-14     -1.267990e-14    1.574414e-12     -1.075185e-12    -1.158557e-04    -1.246497e-08    1.158557e-04     -1.246939e-08    -3.627703e+04    -2.708212e-07    3.627703e+04     -2.708230e-07    -3.444256e+04    -3.557822e-07    3.444256e+04     -3.557845e-07    8.962532e-01     -2.975122e-03    -8.962532e-01    -2.975122e-03    
5.975575e-01     3.450000e-01     6.900000e-01     3.000000e+01     1.675855e-13     4.165731e-13     2.713042e-14     3.667475e-14     5.196819e-16     5.477184e-16     4.584199e-17     -1.534982e-16    -4.693273e-13    -4.470757e-13    8.784905e-13     -9.494719e-13    -1.210252e-04    -1.340055e-08    1.210251e-04     -1.340453e-08    -3.627714e+04    -2.912702e-07    3.627714e+04     -2.912710e-07    -3.444268e+04    -3.828010e-07    3.444268e+04     -3.828012e-07    9.131972e-01     -3.047631e-03    -9.131972e-01    -3.047631e-03    
6.062178e-01     3.500000e-01     7.000000e-01     3.000000e+01     -1.166755e-12    5.854604e-13     5.780021e-13     3.432939e-13     3.859834e-14     3.203391e-14     1.671205e-16     1.040213e-16     7.470164e-15     -1.001275e-14    -2.522535e-13    -8.621169e-13    1.263454e-04     -1.440062e-08    -1.263454e-04    -1.440087e-08    3.627725e+04     -3.129271e-07    -3.627725e+04    -3.129279e-07    3.444281e+04     -4.114462e-07    -3.444281e+04    -4.114464e-07    -9.302648e-01    -3.117116e-03    9.302648e-01     -3.117116e-03    
6.148780e-01     3.550000e-01     7.100000e-01     3.000000e+01     2.093959e-14     6.275866e-13     3.518195e-14     8.763211e-15     8.416188e-17     -9.497118e-17    -3.690356e-15    -2.189752e-14    -1.642801e-13    -3.743256e-13    -9.396106e-13    -5.414586e-13    1.318184e-04     -1.545113e-08    -1.318184e-04    -1.545123e-08    -3.627737e+04    -3.358567e-07    3.627737e+04     -3.358723e-07    -3.444293e+04    -4.417640e-07    3.444293e+04     -4.417787e-07    9.474564e-01     -3.183391e-03    -9.474564e-01    -3.183391e-03    
6.235383e-01     3.600000e-01     7.200000e-01     3.000000e+01     -9.902177e-13    5.876046e-13     -2.738579e-16    5.851030e-16     -9.388520e-15    5.245300e-16     3.686198e-14     -1.733919e-14    9.509819e-13     -5.545851e-14    -4.046065e-13    -8.851058e-13    1.374465e-04     -1.656787e-08    -1.374465e-04    -1.657193e-08    3.627748e+04     -3.601116e-07    -3.627748e+04    -3.601167e-07    3.444306e+04     -4.738707e-07    -3.444306e+04    -4.738759e-07    -9.647722e-01    -3.246267e-03    9.647722e-01     -3.246267e-03    
6.321985e-01     3.650000e-01     7.300000e-01     3.000000e+01     1.454545e-13     7.874290e-13     8.477465e-17     5.945527e-17     -7.773774e-17    -2.150901e-15    2.817001e-16     -1.075329e-13    1.132070e-13     -1.400086e-13    7.187994e-13     -1.303696e-12    1.432316e-04     -1.774477e-08    -1.432316e-04    -1.774906e-08    -3.627760e+04    -3.857411e-07    3.627760e+04     -3.857533e-07    -3.444318e+04    -5.078064e-07    3.444318e+04     -5.078196e-07    -9.822125e-01    -3.305562e-03    9.822125e-01     -3.305562e-03    
6.408588e-01     3.700000e-01     7.400000e-01     3.000000e+01     -2.528999e-13    3.802584e-13     2.528582e-13     2.697080e-13     -2.836046e-15    1.055350e-14     -6.254479e-16    -4.152025e-17    2.223769e-14     -7.715984e-15    4.628422e-13     -1.534253e-12    -1.491758e-04    -1.898943e-08    1.491758e-04     -1.898959e-08    3.627772e+04     -4.128060e-07    -3.627772e+04    -4.128225e-07    3.444332e+04     -5.436676e-07    -3.444332e+04    -5.436855e-07    -9.997776e-01    -3.361102e-03    9.997776e-01     -3.361102e-03    
6.495191e-01     3.750000e-01     7.500000e-01     3.000000e+01     -1.955707e-12    8.766936e-13     4.374477e-13     4.019504e-13     -2.666623e-14    2.018208e-14     1.367157e-16     3.605639e-15     -1.464158e-16    -5.846715e-17    4.469309e-13     -1.424788e-12    -1.552814e-04    -2.029888e-08    1.552814e-04     -2.030243e-08    3.627783e+04     -4.413810e-07    -3.627783e+04    -4.413826e-07    3.444345e+04     -5.815392e-07    -3.444345e+04    -5.815403e-07    1.017468e+00     -3.412722e-03    -1.017468e+00    -3.412722e-03    
6.581793e-01     3.800000e-01     7.600000e-01     3.000000e+01     -8.366486e-13    4.974732e-13     1.286685e-15     1.109835e-14     -7.889397e-17    4.875195e-16     -5.197291e-14    -2.972014e-14    -1.153010e-13    -1.811666e-13    4.172554e-13     -4.831929e-13    1.615503e-04     -2.168370e-08    -1.615503e-04    -2.168377e-08    3.627796e+04     -4.714922e-07    -3.627796e+04    -4.715035e-07    3.444358e+04     -6.214887e-07    -3.444358e+04    -6.215004e-07    1.035283e+00     -3.460269e-03    -1.035283e+00    -3.460269e-03    
6.668396e-01     3.850000e-01     7.700000e-01     3.000000e+01     -2.300097e-12    5.290735e-13     -4.641775e-15    1.870701e-15     -2.870919e-16    -5.850095e-16    6.979783e-14     -5.518662e-14    -7.697568e-14    -6.464565e-13    1.232478e-12     -1.107398e-12    -1.679846e-04    -2.314040e-08    1.679846e-04     -2.314075e-08    -3.627808e+04    -5.032352e-07    3.627808e+04     -5.032388e-07    -3.444372e+04    -6.636158e-07    3.444372e+04     -6.636194e-07    -1.053224e+00    -3.503607e-03    1.053224e+00     -3.503607e-03    
6.754998e-01     3.900000e-01     7.800000e-01     3.000000e+01     -8.489120e-13    4.566630e-13     1.628525e-14     8.271041e-15     -1.151327e-16    3.619290e-17     -3.467800e-14    -1.261326e-14    -1.029836e-13    -4.157877e-14    -5.135693e-13    -8.181572e-14    1.745865e-04     -2.467431e-08    -1.745865e-04    -2.467433e-08    -3.627820e+04    -5.366496e-07    3.627820e+04     -5.366498e-07    -3.444385e+04    -7.080086e-07    3.444385e+04     -7.080101e-07    1.071290e+00     -3.542615e-03    -1.071290e+00    -3.542615e-03    
6.841601e-01     3.950000e-01     7.900000e-01     3.000000e+01     -7.468229e-13    1.781937e-13     5.098284e-14     7.684704e-15     -2.651366e-16    1.023634e-16     1.488310e-15     -5.607139e-15    1.562601e-12     -4.432886e-13    2.873974e-13     -7.117935e-13    -1.813579e-04    -2.628819e-08    1.813579e-04     -2.628858e-08    3.627833e+04     -5.718171e-07    -3.627833e+04    -5.718241e-07    3.444399e+04     -7.547360e-07    -3.444399e+04    -7.547427e-07    1.089483e+00     -3.577189e-03    -1.089483e+00    -3.577189e-03    
6.928203e-01     4.000000e-01     8.000000e-01     3.000000e+01     -1.047574e-12    1.714670e-12     2.482894e-16     3.503052e-16     -3.943176e-16    -1.043841e-15    -7.035075e-14    -9.720837e-14    -6.298245e-13    -2.606917e-13    1.089375e-12     -3.053779e-13    1.883011e-04     -2.798476e-08    -1.883011e-04    -2.798823e-08    -3.627845e+04    -6.087959e-07    3.627845e+04     -6.087978e-07    -3.444413e+04    -8.039248e-07    3.444413e+04     -8.039265e-07    -1.107801e+00    -3.607242e-03    1.107801e+00     -3.607242e-03    
7.014806e-01     4.050000e-01     8.100000e-01     3.000000e+01     1.523791e-13     2.457472e-13     1.286054e-15     1.518294e-17     1.124194e-16     -2.600491e-16    -1.890381e-14    -8.261345e-14    5.763322e-13     -6.444987e-13    -1.129187e-12    -7.855926e-13    -1.954181e-04    -2.976875e-08    1.954181e-04     -2.976899e-08    3.627858e+04     -6.476700e-07    -3.627858e+04    -6.476709e-07    3.444428e+04     -8.556305e-07    -3.444428e+04    -8.556324e-07    1.126245e+00     -3.632708e-03    -1.126245e+00    -3.632708e-03    
7.101408e-01     4.100000e-01     8.200000e-01     3.000000e+01     6.478395e-13     1.081195e-12     -1.894668e-15    5.206901e-15     4.546262e-17     2.093947e-16     -8.977685e-15    -5.441093e-15    -2.166106e-13    -6.370573e-13    -2.652358e-12    -1.869654e-12    2.027109e-04     -3.164069e-08    -2.027109e-04    -3.164082e-08    -3.627871e+04    -6.884783e-07    3.627871e+04     -6.884829e-07    -3.444442e+04    -9.099925e-07    3.444442e+04     -9.099972e-07    1.144816e+00     -3.653538e-03    -1.144816e+00    -3.653538e-03    
7.188011e-01     4.150000e-01     8.300000e-01     3.000000e+01     8.850351e-13     7.041334e-13     -3.620463e-13    4.461876e-13     -1.918651e-14    3.341413e-14     1.427669e-15     1.174316e-15     8.165942e-17     -8.656298e-17    -3.197741e-13    -8.025733e-13    2.101816e-04     -3.360797e-08    -2.101816e-04    -3.360803e-08    3.627885e+04     -7.313205e-07    -3.627885e+04    -7.313348e-07    3.444457e+04     -9.670738e-07    -3.444457e+04    -9.670890e-07    -1.163514e+00    -3.669701e-03    1.163514e+00     -3.669701e-03    
7.274613e-01     4.200000e-01     8.400000e-01     3.000000e+01     8.220977e-13     3.848479e-13     -1.533873e-13    3.815893e-13     3.580883e-14     3.804417e-14     -2.081100e-15    2.017712e-16     1.232161e-15     -1.921588e-16    2.236402e-12     -1.006051e-12    2.178322e-04     -3.566459e-08    -2.178322e-04    -3.566483e-08    -3.627898e+04    -7.762713e-07    3.627898e+04     -7.762789e-07    -3.444471e+04    -1.027007e-06    3.444471e+04     -1.027013e-06    -1.182337e+00    -3.681187e-03    1.182337e+00     -3.681187e-03    
7.361216e-01     4.250000e-01     8.500000e-01     3.000000e+01     1.595808e-12     9.908066e-13     -5.534892e-13    2.075675e-13     -2.135511e-15    9.441034e-15     2.241023e-17     1.104628e-16     1.922975e-14     -2.487687e-15    2.380181e-13     -1.644743e-12    -2.256650e-04    -3.782272e-08    2.256650e-04     -3.782572e-08    -3.627911e+04    -8.233915e-07    3.627911e+04     -8.233972e-07    -3.444486e+04    -1.089882e-06    3.444486e+04     -1.089888e-06    1.201288e+00     -3.688004e-03    -1.201288e+00    -3.688004e-03    
7.447818e-01     4.300000e-01     8.600000e-01     3.000000e+01     -2.000940e-12    1.141274e-12     -2.095851e-15    5.825508e-15     9.995345e-15     4.224663e-16     6.222687e-18     -8.085861e-17    -1.032204e-12    -3.535324e-13    8.710430e-13     -3.965785e-13    2.336818e-04     -4.009523e-08    -2.336818e-04    -4.009821e-08    -3.627925e+04    -8.727736e-07    3.627925e+04     -8.727738e-07    3.444501e+04     -1.155808e-06    -3.444501e+04    -1.155808e-06    -1.220366e+00    -3.690177e-03    1.220366e+00     -3.690177e-03    
7.534421e-01     4.350000e-01     8.700000e-01     3.000000e+01     5.482665e-13     7.328687e-13     5.530886e-14     3.953412e-14     4.056861e-17     -1.837355e-16    -1.084336e-14    -6.339233e-15    -7.757489e-13    -5.376596e-14    1.540317e-12     -3.259463e-13    -2.418848e-04    -4.245430e-08    2.418848e-04     -4.245760e-08    -3.627939e+04    -9.244716e-07    3.627939e+04     -9.244879e-07    -3.444517e+04    -1.224890e-06    3.444517e+04     -1.224907e-06    -1.239571e+00    -3.687751e-03    1.239571e+00     -3.687751e-03    
7.621024e-01     4.400000e-01     8.800000e-01     3.000000e+01     -1.137299e-12    1.830740e-13     3.927640e-16     -5.543015e-16    -5.332110e-16    -2.297975e-15    -6.289024e-14    -1.864315e-14    4.525515e-13     -3.571066e-13    -4.881987e-13    -4.988176e-13    2.502760e-04     -4.494719e-08    -2.502759e-04    -4.494763e-08    3.627953e+04     -9.785964e-07    -3.627953e+04    -9.786111e-07    3.444532e+04     -1.297257e-06    -3.444532e+04    -1.297272e-06    -1.258903e+00    -3.680787e-03    1.258903e+00     -3.680787e-03    
7.707626e-01     4.450000e-01     8.900000e-01     3.000000e+01     -8.304237e-13    2.200457e-12     -8.732576e-13    1.007624e-13     4.032434e-15     1.801889e-14     -6.863116e-17    1.932126e-17     -7.138421e-16    -1.162701e-15    -1.359527e-13    -2.063852e-13    -2.588574e-04    -4.752883e-08    2.588574e-04     -4.752903e-08    3.627967e+04     -1.035219e-06    -3.627967e+04    -1.035228e-06    3.444548e+04     -1.373016e-06    -3.444548e+04    -1.373025e-06    1.278362e+00     -3.669366e-03    -1.278362e+00    -3.669366e-03    
7.794229e-01     4.500000e-01     9.000000e-01     3.000000e+01     -3.443804e-13    1.473760e-12     -8.766989e-13    2.649284e-13     1.128216e-12     3.058978e-14     9.511790e-16     8.437018e-15     -7.397115e-15    1.041028e-16     6.646768e-17     4.139837e-17     2.676311e-04     -5.024905e-08    -2.676311e-04    -5.024917e-08    -3.627982e+04    -1.094421e-06    3.627982e+04     -1.094438e-06    -3.444564e+04    -1.452279e-06    3.444564e+04     -1.452296e-06    1.297949e+00     -3.653586e-03    -1.297949e+00    -3.653586e-03    
7.880831e-01     4.550000e-01     9.100000e-01     3.000000e+01     -7.347053e-13    3.648003e-14     -3.477988e-15    3.440064e-14     -2.703886e-16    2.981879e-16     -2.170860e-15    -9.079866e-16    7.400876e-13     -1.251463e-13    1.906495e-12     -9.865253e-13    2.765991e-04     -5.307640e-08    -2.765991e-04    -5.307650e-08    -3.627996e+04    -1.156292e-06    3.627996e+04     -1.156303e-06    -3.444580e+04    -1.535185e-06    3.444580e+04     -1.535197e-06    -1.317664e+00    -3.633560e-03    1.317664e+00     -3.633560e-03    
7.967434e-01     4.600000e-01     9.200000e-01     3.000000e+01     -1.591171e-12    7.827860e-13     8.306135e-15     1.648741e-13     2.130285e-15     1.925025e-15     1.476654e-16     2.085207e-16     -3.844499e-13    -7.460034e-14    1.453624e-12     -2.375181e-12    2.857635e-04     -5.604391e-08    -2.857635e-04    -5.604751e-08    -3.628011e+04    -1.220919e-06    3.628011e+04     -1.220925e-06    -3.444596e+04    -1.621851e-06    3.444596e+04     -1.621857e-06    1.337506e+00     -3.609421e-03    -1.337506e+00    -3.609421e-03    
8.054036e-01     4.650000e-01     9.300000e-01     3.000000e+01     2.417473e-14     2.300497e-12     2.232323e-15     6.160455e-15     5.975285e-17     2.922659e-16     3.208350e-14     -5.808502e-14    -4.368868e-13    -1.301360e-13    -9.521961e-14    -6.698975e-13    2.951263e-04     -5.913118e-08    -2.951263e-04    -5.913145e-08    3.628025e+04     -1.288394e-06    -3.628025e+04    -1.288401e-06    3.444612e+04     -1.712394e-06    -3.444612e+04    -1.712402e-06    1.357477e+00     -3.581318e-03    -1.357477e+00    -3.581318e-03    
8.140639e-01     4.700000e-01     9.400000e-01     3.000000e+01     -2.895075e-12    1.045179e-12     4.034529e-13     1.407799e-13     -2.167611e-14    8.315167e-14     -6.546796e-15    4.887298e-16     4.958307e-18     3.001155e-16     -1.881248e-13    -1.118399e-13    -3.046895e-04    -6.235527e-08    3.046895e-04     -6.235553e-08    3.628040e+04     -1.358808e-06    -3.628040e+04    -1.358813e-06    3.444629e+04     -1.806959e-06    -3.444629e+04    -1.806962e-06    -1.377576e+00    -3.549417e-03    1.377576e+00     -3.549417e-03    
8.227241e-01     4.750000e-01     9.500000e-01     3.000000e+01     -7.246359e-13    7.928794e-13     1.481877e-13     6.341513e-13     7.899152e-14     5.967890e-14     -4.232151e-16    7.009416e-17     4.524643e-16     -4.575505e-16    1.237311e-12     -4.016382e-13    -3.144551e-04    -6.571250e-08    3.144551e-04     -6.571563e-08    -3.628056e+04    -1.432257e-06    3.628056e+04     -1.432261e-06    -3.444645e+04    -1.905667e-06    3.444645e+04     -1.905671e-06    1.397803e+00     -3.513900e-03    -1.397803e+00    -3.513900e-03    
8.313844e-01     4.800000e-01     9.600000e-01     3.000000e+01     5.183836e-13     5.290073e-13     -1.668546e-15    2.537435e-14     1.394372e-16     7.624778e-17     -3.035531e-15    -9.770921e-16    9.677410e-14     -2.972935e-13    -2.445574e-12    -9.279027e-13    3.244252e-04     -6.922547e-08    -3.244252e-04    -6.922555e-08    -3.628071e+04    -1.508835e-06    3.628071e+04     -1.508836e-06    3.444662e+04     -2.008665e-06    -3.444662e+04    -2.008665e-06    1.418159e+00     -3.474967e-03    -1.418159e+00    -3.474967e-03    
8.400446e-01     4.850000e-01     9.700000e-01     3.000000e+01     -4.188156e-14    3.321381e-13     1.165164e-14     7.533303e-15     -3.844412e-15    7.003432e-15     3.288247e-17     -5.980689e-16    3.902358e-13     -9.400340e-14    -1.008650e-13    -9.943113e-13    3.346018e-04     -7.287611e-08    -3.346017e-04    -7.287621e-08    3.628086e+04     -1.588648e-06    -3.628086e+04    -1.588649e-06    3.444679e+04     -2.116074e-06    -3.444679e+04    -2.116075e-06    1.438644e+00     -3.432831e-03    -1.438644e+00    -3.432831e-03    
8.487049e-01     4.900000e-01     9.800000e-01     3.000000e+01     4.166938e-13     3.695824e-13     -3.568478e-13    2.646306e-13     9.009158e-15     3.902518e-15     -6.853452e-14    3.314179e-15     -1.928652e-16    4.489116e-17     -6.607984e-13    -2.883668e-13    3.449868e-04     -7.668333e-08    -3.449868e-04    -7.668347e-08    3.628102e+04     -1.671773e-06    -3.628102e+04    -1.671787e-06    3.444697e+04     -2.228056e-06    -3.444697e+04    -2.228071e-06    1.459258e+00     -3.387722e-03    -1.459258e+00    -3.387722e-03    
8.573651e-01     4.950000e-01     9.900000e-01     3.000000e+01     6.303304e-13     5.492441e-13     9.377813e-15     5.767085e-14     2.809813e-15     7.601198e-15     -9.641145e-17    -1.978368e-16    2.477830e-13     -1.110317e-14    -7.643944e-13    -3.333111e-13    3.555823e-04     -8.063568e-08    -3.555823e-04    -8.063851e-08    -3.628118e+04    -1.758341e-06    3.628118e+04     -1.758349e-06    -3.444714e+04    -2.344753e-06    3.444714e+04     -2.344764e-06    -1.480002e+00    -3.339883e-03    1.480002e+00     -3.339883e-03    
8.660254e-01     5.000000e-01     1.000000e+00     3.000000e+01     8.754856e-13     2.321527e-13     -7.231009e-13    3.033855e-14     2.365394e-16     -1.424231e-16    3.541548e-14     -5.761981e-15    -7.668659e-15    -7.286697e-15    -2.453261e-13    -6.838085e-13    -3.663903e-04    -8.475528e-08    3.663903e-04     -8.475539e-08    -3.628134e+04    -1.848436e-06    3.628134e+04     -1.848439e-06    -3.444732e+04    -2.466319e-06    3.444732e+04     -2.466324e-06    -1.500875e+00    -3.289570e-03    1.500875e+00     -3.289570e-03    
