k, Re(omega1), Im(omega1), Re(omega2), Im(omega2), ... [by BO]
+1.00000e-02 	+1.83166e+04 	+1.54483e-11 	+1.73750e+04 	+3.93267e-11 	+1.64818e+04 	-3.25406e-13 	+9.99742e-03 	+2.56545e-12 	+4.99854e-03 	-2.10960e-12 	
+5.10000e-01 	+1.83173e+04 	+6.62483e-12 	+1.73759e+04 	-3.38908e-11 	+1.64826e+04 	-1.50046e-12 	+5.30892e-01 	-1.08373e-12 	+2.44796e-01 	+1.64729e-12 	
+1.01000e+00 	+1.83194e+04 	-4.74105e-12 	+1.73786e+04 	-1.53133e-11 	+1.64851e+04 	-1.68094e-12 	+1.15722e+00 	-1.32270e-11 	+4.40265e-01 	+3.50915e-12 	
+1.51000e+00 	+1.83227e+04 	-4.02889e-12 	+1.73830e+04 	-2.21045e-10 	+1.64892e+04 	+5.05601e-12 	+1.94874e+00 	+8.80216e-13 	+5.83967e-01 	+2.44777e-12 	
+2.01000e+00 	+1.83274e+04 	-4.79800e-13 	+1.73893e+04 	-8.57670e-14 	+1.64950e+04 	-1.13242e-11 	+2.93581e+00 	+1.45581e-12 	+6.86175e-01 	+8.60794e-12 	
+2.51000e+00 	+1.83335e+04 	+1.27042e-12 	+1.73973e+04 	+1.00721e-10 	+1.65023e+04 	-1.20786e-12 	+4.13533e+00 	-1.04576e-12 	+7.58702e-01 	+2.81424e-11 	
+3.01000e+00 	+1.83410e+04 	-3.08985e-13 	+1.74071e+04 	+4.10046e-13 	+1.65111e+04 	+9.47173e-13 	+5.55696e+00 	-5.83257e-13 	+8.10727e-01 	+6.24226e-11 	
+3.51000e+00 	+1.83499e+04 	-2.86699e-12 	+1.74187e+04 	+2.71216e-11 	+1.65215e+04 	+5.13650e-12 	+7.20585e+00 	-1.21946e-13 	+8.48663e-01 	+1.15125e-10 	
+4.01000e+00 	+1.83602e+04 	+5.17414e-12 	+1.74320e+04 	+5.25055e-11 	+1.65333e+04 	-8.66553e-12 	+9.08417e+00 	-2.44800e-14 	+8.76840e-01 	+1.73168e-10 	
+4.51000e+00 	+1.83721e+04 	+2.29966e-12 	+1.74472e+04 	+3.26457e-11 	+1.65465e+04 	+1.90237e-12 	+1.11921e+01 	-5.40088e-12 	+8.98158e-01 	+1.86127e-10 	
+5.01000e+00 	+1.83854e+04 	+5.05811e-13 	+1.74642e+04 	+1.23144e-10 	+1.65610e+04 	-1.75169e-11 	+1.35283e+01 	+6.87493e-12 	+9.14574e-01 	+5.26554e-11 	
+5.51000e+00 	+1.84003e+04 	+5.45272e-13 	+1.74829e+04 	-5.34861e-11 	+1.65769e+04 	-5.77443e-12 	+1.60906e+01 	-2.08428e-12 	+9.27425e-01 	-4.02095e-10 	
+6.01000e+00 	+1.84169e+04 	-6.26872e-12 	+1.75035e+04 	-8.09941e-11 	+1.65939e+04 	+2.46096e-12 	+1.88759e+01 	-2.16291e-12 	+9.37636e-01 	-1.42038e-09 	
+6.51000e+00 	+1.84351e+04 	-3.79110e-12 	+1.75259e+04 	+1.46958e-11 	+1.66120e+04 	-7.11642e-13 	+2.18807e+01 	-2.56334e-12 	+9.45860e-01 	-3.27162e-09 	
+7.01000e+00 	+1.84550e+04 	+5.70252e-12 	+1.75502e+04 	-5.75857e-11 	+1.66311e+04 	+4.22258e-12 	+2.51007e+01 	-3.14374e-12 	+9.52564e-01 	-6.14615e-09 	
+7.51000e+00 	+1.84767e+04 	+1.20044e-11 	+1.75764e+04 	-5.78084e-12 	+1.66511e+04 	+7.67724e-12 	+2.85314e+01 	-6.96890e-14 	+9.58089e-01 	-1.00025e-08 	
+8.01000e+00 	+1.85002e+04 	+1.59196e-12 	+1.76044e+04 	+1.11614e-10 	+1.66719e+04 	-5.39018e-12 	+3.21680e+01 	-1.11447e-12 	+9.62684e-01 	-1.43923e-08 	
+8.51000e+00 	+1.85256e+04 	-9.12296e-12 	+1.76345e+04 	+1.92392e-11 	+1.66933e+04 	+3.04600e-12 	+3.60052e+01 	-2.03780e-12 	+9.66538e-01 	-1.84713e-08 	
+9.01000e+00 	+1.85529e+04 	+4.96727e-12 	+1.76665e+04 	+1.02752e-11 	+1.67154e+04 	-3.70315e-12 	+4.00375e+01 	+4.81120e-12 	+9.69794e-01 	-2.15437e-08 	
+9.51000e+00 	+1.85822e+04 	+2.79977e-12 	+1.77005e+04 	-2.65797e-12 	+1.67379e+04 	+4.69762e-12 	+4.42593e+01 	+2.99177e-13 	+9.72560e-01 	-2.36002e-08 	
+1.00100e+01 	+1.86136e+04 	-4.80998e-12 	+1.77366e+04 	-9.16428e-11 	+1.67607e+04 	+2.88667e-12 	+4.86645e+01 	-2.38253e-12 	+9.74921e-01 	-1.98127e-08 	
+1.05100e+01 	+1.86470e+04 	-5.09313e-12 	+1.77748e+04 	+2.12930e-11 	+1.67837e+04 	-6.86478e-12 	+5.32471e+01 	-1.24919e-12 	+9.76942e-01 	+1.91268e-08 	
+1.10100e+01 	+1.86825e+04 	-2.97320e-12 	+1.78151e+04 	+3.76003e-11 	+1.68067e+04 	-2.50151e-12 	+5.80007e+01 	-8.48833e-13 	+9.78674e-01 	+9.29614e-08 	
+1.15100e+01 	+1.87202e+04 	+1.20374e-11 	+1.78576e+04 	+1.00659e-10 	+1.68297e+04 	+1.44512e-11 	+6.29190e+01 	-2.87343e-13 	+9.80154e-01 	-5.15688e-07 	
+1.20100e+01 	+1.87600e+04 	-1.21182e-11 	+1.79024e+04 	+3.23114e-11 	+1.68526e+04 	-2.17964e-11 	+6.79955e+01 	+7.73606e-13 	+9.81411e-01 	-5.69198e-06 	
+1.25100e+01 	+1.88021e+04 	-1.04575e-11 	+1.79495e+04 	-4.58857e-11 	+1.68752e+04 	-1.47682e-11 	+7.32235e+01 	+1.84994e-12 	+9.82466e-01 	-2.57074e-05 	
+1.30100e+01 	+1.88464e+04 	-4.97049e-12 	+1.79988e+04 	-1.69245e-10 	+1.68974e+04 	+1.45176e-12 	+7.85962e+01 	-6.95669e-12 	+9.83343e-01 	-7.55213e-05 	
+1.35100e+01 	+1.88930e+04 	+6.90057e-14 	+1.80505e+04 	+5.34085e-11 	+1.69192e+04 	+1.00083e-11 	+8.41071e+01 	-1.02501e-12 	+9.84072e-01 	-1.67283e-04 	
+1.40100e+01 	+1.89418e+04 	+7.09327e-12 	+1.81046e+04 	+4.81207e-11 	+1.69405e+04 	+1.30291e-11 	+8.97492e+01 	+2.06950e-12 	+9.84681e-01 	-3.05689e-04 	
+1.45100e+01 	+1.89929e+04 	-5.13970e-13 	+1.81610e+04 	+1.16263e-10 	+1.69612e+04 	+5.73877e-12 	+9.55158e+01 	+2.53632e-13 	+9.85195e-01 	-4.89336e-04 	
+1.50100e+01 	+1.90462e+04 	+4.10124e-13 	+1.82199e+04 	+5.84943e-11 	+1.69812e+04 	+6.05377e-12 	+1.01400e+02 	-5.06284e-12 	+9.85634e-01 	-7.13889e-04 	
+1.55100e+01 	+1.91018e+04 	-5.49425e-13 	+1.82811e+04 	+7.50816e-12 	+1.70006e+04 	+5.36207e-12 	+1.07395e+02 	-9.79827e-13 	+9.86012e-01 	-9.74250e-04 	
+1.60100e+01 	+1.91597e+04 	+5.25739e-12 	+1.83447e+04 	-8.88562e-11 	+1.70193e+04 	+5.31173e-12 	+1.13495e+02 	+1.30994e-13 	+9.86340e-01 	-1.26557e-03 	
+1.65100e+01 	+1.92198e+04 	+1.12768e-12 	+1.84107e+04 	+9.38849e-11 	+1.70372e+04 	+3.63357e-12 	+1.19692e+02 	-4.71603e-12 	+9.86625e-01 	-1.58361e-03 	
+1.70100e+01 	+1.92821e+04 	+1.22031e-12 	+1.84790e+04 	-4.30308e-12 	+1.70544e+04 	-1.38855e-11 	+1.25980e+02 	-2.62262e-12 	+9.86874e-01 	-1.92474e-03 	
+1.75100e+01 	+1.93467e+04 	-3.87205e-12 	+1.85496e+04 	+1.15701e-11 	+1.70709e+04 	-1.05790e-11 	+1.32352e+02 	+1.16449e-12 	+9.87092e-01 	-2.28593e-03 	
+1.80100e+01 	+1.94134e+04 	-1.32209e-11 	+1.86226e+04 	-3.94571e-11 	+1.70867e+04 	-1.61313e-11 	+1.38802e+02 	-8.54007e-13 	+9.87282e-01 	-2.66461e-03 	
+1.85100e+01 	+1.94822e+04 	-1.21773e-11 	+1.86978e+04 	-3.65813e-11 	+1.71017e+04 	-3.32175e-13 	+1.45323e+02 	+2.48317e-12 	+9.87449e-01 	-3.05862e-03 	
+1.90100e+01 	+1.95532e+04 	+1.95862e-11 	+1.87753e+04 	+1.87487e-11 	+1.71160e+04 	+1.53472e-11 	+1.51910e+02 	-1.63151e-12 	+9.87594e-01 	-3.46613e-03 	
+1.95100e+01 	+1.96263e+04 	-1.18632e-11 	+1.88550e+04 	+2.85126e-11 	+1.71297e+04 	-6.44563e-12 	+1.58556e+02 	+1.71481e-12 	+9.87721e-01 	-3.88559e-03 	
+2.00100e+01 	+1.97015e+04 	-1.41391e-11 	+1.89368e+04 	+1.25601e-10 	+1.71427e+04 	+6.47916e-12 	+1.65255e+02 	-1.32851e-11 	+9.87830e-01 	-4.31567e-03 	
+2.05100e+01 	+1.97787e+04 	+6.53550e-12 	+1.90207e+04 	-7.92604e-12 	+1.71550e+04 	+3.41063e-12 	+1.72001e+02 	+2.84590e-13 	+9.87923e-01 	-4.75524e-03 	
+2.10100e+01 	+1.98579e+04 	-9.12321e-12 	+1.91068e+04 	+2.91932e-11 	+1.71667e+04 	-1.20699e-11 	+1.78789e+02 	-1.66657e-11 	+9.88003e-01 	-5.20334e-03 	
+2.15100e+01 	+1.99390e+04 	+2.84114e-13 	+1.91948e+04 	+4.16873e-11 	+1.71779e+04 	+5.24911e-12 	+1.85613e+02 	+1.35308e-11 	+9.88070e-01 	-5.65916e-03 	
+2.20100e+01 	+2.00221e+04 	-3.02270e-12 	+1.92849e+04 	-4.45169e-11 	+1.71885e+04 	-1.23523e-11 	+1.92467e+02 	-5.00817e-13 	+9.88125e-01 	-6.12198e-03 	
+2.25100e+01 	+2.01071e+04 	+1.26334e-11 	+1.93769e+04 	-7.17841e-12 	+1.71985e+04 	+6.27358e-12 	+1.99347e+02 	+3.86716e-12 	+9.88169e-01 	-6.59121e-03 	
+2.30100e+01 	+2.01940e+04 	-1.00632e-11 	+1.94708e+04 	-1.53656e-11 	+1.72080e+04 	-9.45376e-12 	+2.06247e+02 	+1.08075e-11 	+9.88203e-01 	-7.06633e-03 	
+2.35100e+01 	+2.02827e+04 	-1.01574e-11 	+1.95666e+04 	-5.95847e-11 	+1.72171e+04 	-2.46661e-11 	+2.13162e+02 	+9.38287e-12 	+9.88229e-01 	-7.54691e-03 	
+2.40100e+01 	+2.03732e+04 	+1.09006e-11 	+1.96643e+04 	+1.01054e-10 	+1.72257e+04 	+3.18345e-11 	+2.20088e+02 	-8.85598e-12 	+9.88245e-01 	-8.03256e-03 	
+2.45100e+01 	+2.04655e+04 	+4.84795e-12 	+1.97637e+04 	+7.75949e-11 	+1.72339e+04 	+1.66763e-11 	+2.27020e+02 	-5.48990e-12 	+9.88254e-01 	-8.52295e-03 	
+2.50100e+01 	+2.05595e+04 	-1.30076e-11 	+1.98649e+04 	+4.80871e-12 	+1.72417e+04 	-7.93737e-13 	+2.33954e+02 	-1.12242e-11 	+9.88256e-01 	-9.01781e-03 	
+2.55100e+01 	+2.06553e+04 	+9.00520e-12 	+1.99678e+04 	-2.98754e-11 	+1.72491e+04 	-4.81762e-12 	+2.40885e+02 	+2.50705e-11 	+9.88251e-01 	-9.51688e-03 	
+2.60100e+01 	+2.07527e+04 	+1.43333e-11 	+2.00723e+04 	-2.73802e-11 	+1.72561e+04 	+7.22911e-12 	+2.47809e+02 	+1.41162e-11 	+9.88239e-01 	-1.00199e-02 	
+2.65100e+01 	+2.08518e+04 	+7.88746e-12 	+2.01786e+04 	+1.56921e-11 	+1.72628e+04 	+1.45087e-11 	+2.54723e+02 	-1.02650e-11 	+9.88222e-01 	-1.05268e-02 	
+2.70100e+01 	+2.09525e+04 	+7.35484e-12 	+2.02864e+04 	+6.82140e-12 	+1.72692e+04 	+6.16767e-12 	+2.61622e+02 	-3.04331e-12 	+9.88199e-01 	-1.10374e-02 	
+2.75100e+01 	+2.10548e+04 	-1.18676e-11 	+2.03958e+04 	-2.09345e-11 	+1.72753e+04 	-1.25756e-11 	+2.68504e+02 	+9.03322e-12 	+9.88170e-01 	-1.15514e-02 	
+2.80100e+01 	+2.11586e+04 	-1.58629e-11 	+2.05067e+04 	-4.36027e-11 	+1.72810e+04 	-2.37484e-11 	+2.75364e+02 	-2.75972e-12 	+9.88136e-01 	-1.20688e-02 	
+2.85100e+01 	+2.12640e+04 	+1.60747e-12 	+2.06192e+04 	+4.79521e-12 	+1.72865e+04 	+6.93445e-13 	+2.82200e+02 	-6.12582e-12 	+9.88097e-01 	-1.25895e-02 	
+2.90100e+01 	+2.13708e+04 	-1.43323e-11 	+2.07331e+04 	+3.98309e-12 	+1.72918e+04 	-9.53077e-12 	+2.89009e+02 	-1.95019e-11 	+9.88053e-01 	-1.31134e-02 	
+2.95100e+01 	+2.14792e+04 	-1.80826e-11 	+2.08485e+04 	-1.50422e-11 	+1.72968e+04 	-9.62324e-12 	+2.95787e+02 	-3.61385e-12 	+9.88005e-01 	-1.36404e-02 	
+3.00100e+01 	+2.15890e+04 	+5.48591e-11 	+2.09653e+04 	-2.71779e-11 	+1.73016e+04 	+2.18500e-11 	+3.02532e+02 	+4.08620e-11 	+9.87952e-01 	-1.41704e-02 	
+3.05100e+01 	+2.17002e+04 	-7.84327e-12 	+2.10834e+04 	+4.15623e-11 	+1.73062e+04 	+1.62892e-11 	+3.09241e+02 	-1.47423e-11 	+9.87894e-01 	-1.47034e-02 	
+3.10100e+01 	+2.18129e+04 	-5.68112e-12 	+2.12030e+04 	-4.13322e-11 	+1.73105e+04 	-1.76510e-11 	+3.15912e+02 	+6.65364e-12 	+9.87833e-01 	-1.52394e-02 	
+3.15100e+01 	+2.19269e+04 	-1.04962e-12 	+2.13238e+04 	+2.62474e-11 	+1.73147e+04 	+4.87350e-12 	+3.22542e+02 	-7.42035e-12 	+9.87767e-01 	-1.57781e-02 	
+3.20100e+01 	+2.20422e+04 	-1.31907e-11 	+2.14460e+04 	+8.24323e-12 	+1.73187e+04 	-4.55628e-12 	+3.29130e+02 	-9.19934e-12 	+9.87697e-01 	-1.63198e-02 	
+3.25100e+01 	+2.21589e+04 	+3.68697e-11 	+2.15694e+04 	+5.62998e-14 	+1.73225e+04 	+1.56648e-11 	+3.35673e+02 	+2.71606e-11 	+9.87622e-01 	-1.68643e-02 	
+3.30100e+01 	+2.22769e+04 	-1.41232e-11 	+2.16941e+04 	-1.28381e-11 	+1.73262e+04 	-6.46376e-12 	+3.42170e+02 	+1.25918e-13 	+9.87544e-01 	-1.74115e-02 	
+3.35100e+01 	+2.23961e+04 	+1.19142e-11 	+2.18200e+04 	+5.77961e-11 	+1.73297e+04 	+2.57856e-11 	+3.48619e+02 	-1.68815e-11 	+9.87462e-01 	-1.79616e-02 	
+3.40100e+01 	+2.25166e+04 	+2.71974e-11 	+2.19472e+04 	+4.20984e-11 	+1.73330e+04 	+2.37506e-11 	+3.55017e+02 	+1.61848e-12 	+9.87375e-01 	-1.85145e-02 	
+3.45100e+01 	+2.26384e+04 	-3.37520e-11 	+2.20754e+04 	-5.84807e-11 	+1.73363e+04 	-3.96956e-11 	+3.61365e+02 	+6.34895e-12 	+9.87284e-01 	-1.90701e-02 	
+3.50100e+01 	+2.27613e+04 	-3.24345e-11 	+2.22049e+04 	-7.00716e-11 	+1.73394e+04 	-4.60021e-11 	+3.67659e+02 	+9.61021e-12 	+9.87189e-01 	-1.96286e-02 	
+3.55100e+01 	+2.28855e+04 	-5.92091e-12 	+2.23355e+04 	-2.57456e-11 	+1.73423e+04 	-1.36171e-12 	+3.73900e+02 	+4.10339e-12 	+9.87090e-01 	-2.01899e-02 	
+3.60100e+01 	+2.30108e+04 	-3.66027e-11 	+2.24671e+04 	+1.28555e-12 	+1.73452e+04 	-1.46667e-11 	+3.80085e+02 	-4.15902e-11 	+9.86986e-01 	-2.07540e-02 	
+3.65100e+01 	+2.31372e+04 	+1.45055e-11 	+2.25999e+04 	+5.63955e-11 	+1.73479e+04 	+3.17261e-11 	+3.86214e+02 	-2.46231e-11 	+9.86878e-01 	-2.13210e-02 	
+3.70100e+01 	+2.32648e+04 	-2.39759e-11 	+2.27337e+04 	+2.56813e-11 	+1.73506e+04 	+6.28354e-12 	+3.92286e+02 	-3.11420e-11 	+9.86765e-01 	-2.18908e-02 	
+3.75100e+01 	+2.33935e+04 	-2.25951e-11 	+2.28686e+04 	-2.94439e-11 	+1.73531e+04 	-2.31124e-11 	+3.98300e+02 	-2.16793e-11 	+9.86648e-01 	-2.24636e-02 	
+3.80100e+01 	+2.35233e+04 	+8.40086e-12 	+2.30045e+04 	-1.69063e-11 	+1.73555e+04 	-4.32471e-12 	+4.04254e+02 	+1.57255e-11 	+9.86526e-01 	-2.30394e-02 	
+3.85100e+01 	+2.36541e+04 	-2.33485e-11 	+2.31414e+04 	-1.93271e-11 	+1.73579e+04 	-1.64090e-11 	+4.10150e+02 	-1.64320e-11 	+9.86398e-01 	-2.36181e-02 	
+3.90100e+01 	+2.37860e+04 	-6.05518e-12 	+2.32793e+04 	-2.56343e-11 	+1.73601e+04 	-8.44138e-12 	+4.15985e+02 	+1.69763e-11 	+9.86266e-01 	-2.41999e-02 	
+3.95100e+01 	+2.39189e+04 	+4.24409e-12 	+2.34181e+04 	-1.03365e-11 	+1.73623e+04 	-3.00957e-12 	+4.21760e+02 	+1.55297e-11 	+9.86128e-01 	-2.47847e-02 	
+4.00100e+01 	+2.40528e+04 	+1.61397e-12 	+2.35579e+04 	+2.04580e-11 	+1.73644e+04 	+2.22622e-11 	+4.27473e+02 	-7.04542e-12 	+9.85984e-01 	-2.53726e-02 	
+4.05100e+01 	+2.41877e+04 	+3.93859e-12 	+2.36987e+04 	-4.69296e-12 	+1.73664e+04 	-6.87441e-12 	+4.33125e+02 	+1.18887e-11 	+9.85834e-01 	-2.59636e-02 	
+4.10100e+01 	+2.43236e+04 	+5.69231e-12 	+2.38403e+04 	+2.00393e-11 	+1.73684e+04 	+6.28184e-12 	+4.38716e+02 	-1.74619e-11 	+9.85678e-01 	-2.65577e-02 	
+4.15100e+01 	+2.44605e+04 	-2.32577e-11 	+2.39828e+04 	-3.51113e-12 	+1.73702e+04 	-2.05773e-11 	+4.44244e+02 	-2.22891e-11 	+9.85514e-01 	-2.71548e-02 	
+4.20100e+01 	+2.45983e+04 	+3.63935e-11 	+2.41262e+04 	+2.42590e-11 	+1.73721e+04 	+1.89150e-11 	+4.49710e+02 	+2.16205e-11 	+9.85343e-01 	-2.77549e-02 	
+4.25100e+01 	+2.47370e+04 	+2.76780e-11 	+2.42705e+04 	-5.83546e-12 	+1.73738e+04 	+1.70149e-11 	+4.55114e+02 	+3.85451e-11 	+9.85164e-01 	-2.83578e-02 	
+4.30100e+01 	+2.48766e+04 	-1.92538e-11 	+2.44156e+04 	+3.82949e-12 	+1.73755e+04 	-4.61694e-12 	+4.60455e+02 	-1.75496e-11 	+9.84976e-01 	-2.89632e-02 	
+4.35100e+01 	+2.50171e+04 	-2.74320e-11 	+2.45615e+04 	-9.98157e-13 	+1.73771e+04 	-1.50718e-11 	+4.65735e+02 	-3.05103e-11 	+9.84779e-01 	-2.95709e-02 	
+4.40100e+01 	+2.51585e+04 	-7.17567e-12 	+2.47082e+04 	+7.74605e-12 	+1.73787e+04 	-2.30957e-12 	+4.70952e+02 	-1.94230e-11 	+9.84572e-01 	-3.01803e-02 	
+4.45100e+01 	+2.53008e+04 	-3.90597e-14 	+2.48557e+04 	+2.27509e-11 	+1.73802e+04 	+1.07856e-11 	+4.76106e+02 	-1.48321e-11 	+9.84353e-01 	-3.07907e-02 	
+4.50100e+01 	+2.54439e+04 	+2.15594e-11 	+2.50041e+04 	+2.55761e-12 	+1.73817e+04 	+5.84862e-12 	+4.81199e+02 	+3.29722e-11 	+9.84123e-01 	-3.14011e-02 	
+4.55100e+01 	+2.55878e+04 	+2.60965e-11 	+2.51531e+04 	+1.37247e-11 	+1.73832e+04 	+1.91757e-11 	+4.86230e+02 	+2.77945e-11 	+9.83880e-01 	-3.20103e-02 	
+4.60100e+01 	+2.57325e+04 	+2.00841e-11 	+2.53030e+04 	+3.01659e-12 	+1.73845e+04 	+1.37021e-11 	+4.91199e+02 	+3.12845e-11 	+9.83624e-01 	-3.26166e-02 	
+4.65100e+01 	+2.58781e+04 	-1.33327e-11 	+2.54535e+04 	-2.44490e-11 	+1.73859e+04 	-1.59034e-11 	+4.96106e+02 	+7.91672e-12 	+9.83354e-01 	-3.32182e-02 	
+4.70100e+01 	+2.60244e+04 	+6.12382e-12 	+2.56048e+04 	-6.11077e-12 	+1.73872e+04 	+3.37138e-12 	+5.00953e+02 	+2.71577e-11 	+9.83072e-01 	-3.38130e-02 	
+4.75100e+01 	+2.61715e+04 	-1.66301e-11 	+2.57568e+04 	-2.36852e-11 	+1.73884e+04 	-1.64966e-11 	+5.05739e+02 	+2.97085e-12 	+9.82777e-01 	-3.43990e-02 	
+4.80100e+01 	+2.63194e+04 	+3.11973e-11 	+2.59095e+04 	+1.76977e-11 	+1.73897e+04 	+2.56821e-11 	+5.10464e+02 	+3.05137e-11 	+9.82472e-01 	-3.49743e-02 	
+4.85100e+01 	+2.64680e+04 	+3.41166e-11 	+2.60629e+04 	+3.51610e-11 	+1.73908e+04 	+3.17416e-11 	+5.15129e+02 	+1.45660e-11 	+9.82158e-01 	-3.55375e-02 	
+4.90100e+01 	+2.66174e+04 	-7.54694e-12 	+2.62170e+04 	-1.27105e-11 	+1.73920e+04 	-1.55892e-11 	+5.19735e+02 	+2.72308e-11 	+9.81838e-01 	-3.60879e-02 	
+4.95100e+01 	+2.67675e+04 	-3.45914e-11 	+2.63717e+04 	-4.39988e-11 	+1.73931e+04 	-3.90744e-11 	+5.24281e+02 	-2.00337e-12 	+9.81513e-01 	-3.66254e-02 	
+5.00100e+01 	+2.69182e+04 	-3.60778e-11 	+2.65270e+04 	-1.68633e-11 	+1.73942e+04 	-2.35096e-11 	+5.28768e+02 	-5.35851e-11 	+9.81187e-01 	-3.71503e-02 	
+5.05100e+01 	+2.70697e+04 	+2.48072e-11 	+2.66830e+04 	+2.99578e-11 	+1.73952e+04 	+2.82796e-11 	+5.33197e+02 	+2.92486e-12 	+9.80860e-01 	-3.76636e-02 	
+5.10100e+01 	+2.72219e+04 	+6.59558e-12 	+2.68397e+04 	+1.25232e-11 	+1.73963e+04 	+5.15545e-12 	+5.37569e+02 	-2.23240e-11 	+9.80533e-01 	-3.81661e-02 	
+5.15100e+01 	+2.73747e+04 	+6.01279e-12 	+2.69969e+04 	-9.16767e-12 	+1.73972e+04 	+1.27554e-12 	+5.41882e+02 	+1.31326e-11 	+9.80209e-01 	-3.86591e-02 	
+5.20100e+01 	+2.75282e+04 	-7.34511e-12 	+2.71548e+04 	-1.13663e-12 	+1.73982e+04 	-1.59254e-12 	+5.46139e+02 	-9.07907e-12 	+9.79887e-01 	-3.91436e-02 	
+5.25100e+01 	+2.76824e+04 	+2.32048e-11 	+2.73132e+04 	+2.94676e-11 	+1.73991e+04 	+2.70393e-11 	+5.50340e+02 	+1.08519e-11 	+9.79568e-01 	-3.96206e-02 	
+5.30100e+01 	+2.78372e+04 	+9.79190e-12 	+2.74722e+04 	-6.25297e-13 	+1.74001e+04 	+4.77693e-12 	+5.54485e+02 	+2.49246e-11 	+9.79252e-01 	-4.00911e-02 	
+5.35100e+01 	+2.79926e+04 	-7.83748e-12 	+2.76318e+04 	-4.40540e-12 	+1.74009e+04 	-4.68326e-12 	+5.58575e+02 	+5.83675e-12 	+9.78939e-01 	-4.05559e-02 	
+5.40100e+01 	+2.81486e+04 	-6.08895e-12 	+2.77920e+04 	-7.84368e-12 	+1.74018e+04 	-6.65253e-12 	+5.62610e+02 	-2.13622e-12 	+9.78629e-01 	-4.10156e-02 	
+5.45100e+01 	+2.83053e+04 	+2.57656e-11 	+2.79527e+04 	+3.44008e-11 	+1.74026e+04 	+3.43042e-11 	+5.66591e+02 	+4.48761e-12 	+9.78323e-01 	-4.14710e-02 	
+5.50100e+01 	+2.84625e+04 	-1.06558e-12 	+2.81139e+04 	-7.57494e-12 	+1.74034e+04 	-3.25201e-13 	+5.70519e+02 	+3.44540e-12 	+9.78019e-01 	-4.19225e-02 	
+5.55100e+01 	+2.86204e+04 	+5.91526e-13 	+2.82757e+04 	-1.00054e-11 	+1.74042e+04 	-7.31816e-12 	+5.74393e+02 	-4.44004e-12 	+9.77718e-01 	-4.23705e-02 	
+5.60100e+01 	+2.87788e+04 	+2.60023e-11 	+2.84380e+04 	+2.78259e-11 	+1.74050e+04 	+2.99612e-11 	+5.78215e+02 	+1.65625e-11 	+9.77420e-01 	-4.28155e-02 	
+5.65100e+01 	+2.89377e+04 	+1.84181e-11 	+2.86008e+04 	+2.38569e-11 	+1.74058e+04 	+2.45398e-11 	+5.81986e+02 	-1.03479e-12 	+9.77124e-01 	-4.32579e-02 	
+5.70100e+01 	+2.90973e+04 	-4.90527e-12 	+2.87641e+04 	-1.37593e-12 	+1.74065e+04 	-6.06614e-12 	+5.85706e+02 	-4.11115e-12 	+9.76831e-01 	-4.36978e-02 	
+5.75100e+01 	+2.92574e+04 	+2.22665e-11 	+2.89279e+04 	+1.61751e-11 	+1.74072e+04 	+2.45308e-11 	+5.89375e+02 	+1.67454e-11 	+9.76540e-01 	-4.41355e-02 	
+5.80100e+01 	+2.94180e+04 	+1.01059e-11 	+2.90922e+04 	+6.78562e-12 	+1.74079e+04 	+1.10800e-11 	+5.92994e+02 	+9.97945e-12 	+9.76252e-01 	-4.45713e-02 	
+5.85100e+01 	+2.95791e+04 	-9.36864e-12 	+2.92570e+04 	-9.93078e-12 	+1.74086e+04 	-9.91416e-12 	+5.96564e+02 	-1.19385e-11 	+9.75965e-01 	-4.50054e-02 	
+5.90100e+01 	+2.97408e+04 	-1.35931e-11 	+2.94223e+04 	-1.94128e-11 	+1.74092e+04 	-2.05396e-11 	+6.00085e+02 	-6.92600e-12 	+9.75681e-01 	-4.54379e-02 	
+5.95100e+01 	+2.99030e+04 	-8.86084e-12 	+2.95880e+04 	-3.65973e-12 	+1.74099e+04 	-8.21976e-12 	+6.03558e+02 	-1.25477e-12 	+9.75398e-01 	-4.58689e-02 	
+6.00100e+01 	+3.00657e+04 	+1.60347e-11 	+2.97541e+04 	+2.22837e-11 	+1.74105e+04 	+1.60411e-11 	+6.06984e+02 	-1.30979e-11 	+9.75116e-01 	-4.62986e-02 	
+6.05100e+01 	+3.02289e+04 	+8.93464e-12 	+2.99208e+04 	+1.73693e-11 	+1.74111e+04 	+2.08615e-11 	+6.10363e+02 	-1.30456e-11 	+9.74837e-01 	-4.67271e-02 	
+6.10100e+01 	+3.03925e+04 	+1.78207e-12 	+3.00878e+04 	+2.93681e-12 	+1.74117e+04 	+5.17896e-12 	+6.13695e+02 	-1.13017e-11 	+9.74559e-01 	-4.71545e-02 	
+6.15100e+01 	+3.05567e+04 	-9.07290e-12 	+3.02553e+04 	-5.72311e-12 	+1.74123e+04 	-8.67714e-12 	+6.16982e+02 	-4.24134e-12 	+9.74282e-01 	-4.75809e-02 	
+6.20100e+01 	+3.07213e+04 	+3.32444e-12 	+3.04232e+04 	+1.96584e-12 	+1.74129e+04 	+2.21018e-12 	+6.20225e+02 	+3.79562e-13 	+9.74007e-01 	-4.80063e-02 	
+6.25100e+01 	+3.08864e+04 	-1.74601e-11 	+3.05916e+04 	-2.02221e-11 	+1.74134e+04 	-2.70731e-11 	+6.23422e+02 	-1.05801e-11 	+9.73733e-01 	-4.84309e-02 	
+6.30100e+01 	+3.10519e+04 	+2.64426e-11 	+3.07603e+04 	+2.75776e-11 	+1.74139e+04 	+3.52969e-11 	+6.26576e+02 	+1.30428e-11 	+9.73460e-01 	-4.88547e-02 	
+6.35100e+01 	+3.12179e+04 	+6.70845e-12 	+3.09295e+04 	+6.28595e-12 	+1.74145e+04 	+6.09342e-12 	+6.29687e+02 	+8.26394e-13 	+9.73188e-01 	-4.92777e-02 	
+6.40100e+01 	+3.13844e+04 	+5.49398e-12 	+3.10990e+04 	+2.17155e-14 	+1.74150e+04 	+1.80855e-12 	+6.32755e+02 	-7.40523e-12 	+9.72918e-01 	-4.97001e-02 	
+6.45100e+01 	+3.15512e+04 	+3.06432e-12 	+3.12690e+04 	-1.22690e-12 	+1.74155e+04 	+5.29693e-13 	+6.35781e+02 	+1.34265e-11 	+9.72648e-01 	-5.01218e-02 	
+6.50100e+01 	+3.17185e+04 	+7.89424e-12 	+3.14393e+04 	+4.34850e-12 	+1.74160e+04 	+1.79866e-12 	+6.38766e+02 	+2.10855e-11 	+9.72379e-01 	-5.05429e-02 	
+6.55100e+01 	+3.18862e+04 	-1.71995e-11 	+3.16100e+04 	-9.99219e-12 	+1.74165e+04 	-1.51510e-11 	+6.41710e+02 	-1.58419e-11 	+9.72112e-01 	-5.09635e-02 	
+6.60100e+01 	+3.20544e+04 	-2.51272e-11 	+3.17811e+04 	-2.87582e-11 	+1.74169e+04 	-3.47312e-11 	+6.44613e+02 	+9.25649e-12 	+9.71845e-01 	-5.13835e-02 	
+6.65100e+01 	+3.22229e+04 	-9.09362e-13 	+3.19525e+04 	-1.98475e-12 	+1.74174e+04 	-2.35254e-12 	+6.47477e+02 	-5.39787e-13 	+9.71579e-01 	-5.18031e-02 	
+6.70100e+01 	+3.23918e+04 	-1.57332e-11 	+3.21243e+04 	-6.66654e-12 	+1.74179e+04 	-7.63245e-12 	+6.50302e+02 	-1.37156e-11 	+9.71313e-01 	-5.22222e-02 	
+6.75100e+01 	+3.25612e+04 	-1.12840e-11 	+3.22965e+04 	-1.38931e-11 	+1.74183e+04 	-1.58828e-11 	+6.53088e+02 	-1.33313e-11 	+9.71049e-01 	-5.26409e-02 	
+6.80100e+01 	+3.27309e+04 	-1.71456e-11 	+3.24690e+04 	-1.93098e-11 	+1.74187e+04 	-2.21999e-11 	+6.55837e+02 	-7.77859e-12 	+9.70785e-01 	-5.30591e-02 	
+6.85100e+01 	+3.29010e+04 	-1.75435e-11 	+3.26418e+04 	-2.51766e-11 	+1.74191e+04 	-3.09883e-11 	+6.58547e+02 	-3.23424e-11 	+9.70522e-01 	-5.34770e-02 	
+6.90100e+01 	+3.30715e+04 	-1.12642e-11 	+3.28150e+04 	-1.84945e-11 	+1.74196e+04 	-1.52445e-11 	+6.61221e+02 	-4.99777e-12 	+9.70259e-01 	-5.38946e-02 	
+6.95100e+01 	+3.32423e+04 	-5.43740e-12 	+3.29885e+04 	-1.45031e-12 	+1.74200e+04 	-3.33119e-12 	+6.63859e+02 	+4.82455e-11 	+9.69997e-01 	-5.43118e-02 	
+7.00100e+01 	+3.34135e+04 	-1.14153e-11 	+3.31624e+04 	-1.08159e-11 	+1.74204e+04 	-1.09568e-11 	+6.66461e+02 	+1.26725e-11 	+9.69735e-01 	-5.47287e-02 	
+7.05100e+01 	+3.35851e+04 	+1.97309e-11 	+3.33366e+04 	+2.02467e-11 	+1.74207e+04 	+3.34737e-11 	+6.69027e+02 	-2.83526e-12 	+9.69474e-01 	-5.51453e-02 	
+7.10100e+01 	+3.37570e+04 	-3.67535e-13 	+3.35111e+04 	+2.45719e-12 	+1.74211e+04 	+4.39109e-12 	+6.71559e+02 	+2.90314e-11 	+9.69214e-01 	-5.55616e-02 	
+7.15100e+01 	+3.39293e+04 	+2.30541e-12 	+3.36859e+04 	+2.74097e-12 	+1.74215e+04 	+2.60871e-12 	+6.74056e+02 	+1.95797e-11 	+9.68954e-01 	-5.59777e-02 	
+7.20100e+01 	+3.41019e+04 	+1.39990e-11 	+3.38610e+04 	+1.39827e-11 	+1.74218e+04 	+1.41396e-11 	+6.76520e+02 	+5.93667e-12 	+9.68695e-01 	-5.63935e-02 	
+7.25100e+01 	+3.42749e+04 	-2.34804e-11 	+3.40364e+04 	-2.27352e-11 	+1.74222e+04 	-3.10836e-11 	+6.78950e+02 	+1.20398e-11 	+9.68436e-01 	-5.68090e-02 	
+7.30100e+01 	+3.44481e+04 	-1.21367e-11 	+3.42121e+04 	-1.21779e-11 	+1.74225e+04 	-1.33390e-11 	+6.81348e+02 	+2.23486e-11 	+9.68177e-01 	-5.72244e-02 	
+7.35100e+01 	+3.46218e+04 	-6.67533e-12 	+3.43881e+04 	-5.09744e-12 	+1.74229e+04 	-8.91887e-12 	+6.83713e+02 	-7.77002e-11 	+9.67919e-01 	-5.76395e-02 	
+7.40100e+01 	+3.47957e+04 	+1.67312e-11 	+3.45644e+04 	+1.58223e-11 	+1.74232e+04 	+2.01845e-11 	+6.86047e+02 	-2.17116e-11 	+9.67661e-01 	-5.80544e-02 	
+7.45100e+01 	+3.49699e+04 	+3.81327e-12 	+3.47410e+04 	+3.66860e-12 	+1.74236e+04 	+8.81915e-12 	+6.88349e+02 	+6.34990e-11 	+9.67403e-01 	-5.84692e-02 	
+7.50100e+01 	+3.51445e+04 	+1.18350e-11 	+3.49179e+04 	+1.89740e-11 	+1.74239e+04 	+2.50039e-11 	+6.90621e+02 	+9.08092e-12 	+9.67146e-01 	-5.88837e-02 	
+7.55100e+01 	+3.53194e+04 	+7.34606e-12 	+3.50950e+04 	+9.72955e-12 	+1.74242e+04 	+9.91244e-12 	+6.92862e+02 	-2.10041e-11 	+9.66889e-01 	-5.92981e-02 	
+7.60100e+01 	+3.54945e+04 	-1.98465e-11 	+3.52724e+04 	-2.28318e-11 	+1.74245e+04 	-3.07959e-11 	+6.95073e+02 	-4.06167e-11 	+9.66633e-01 	-5.97124e-02 	
+7.65100e+01 	+3.56700e+04 	+7.91021e-12 	+3.54501e+04 	+7.68690e-12 	+1.74248e+04 	+7.31423e-12 	+6.97255e+02 	-3.45528e-11 	+9.66377e-01 	-6.01264e-02 	
+7.70100e+01 	+3.58458e+04 	-1.84180e-11 	+3.56280e+04 	-2.30943e-11 	+1.74251e+04 	-2.52147e-11 	+6.99408e+02 	+1.16191e-11 	+9.66121e-01 	-6.05404e-02 	
+7.75100e+01 	+3.60218e+04 	+1.65386e-12 	+3.58062e+04 	+2.26753e-12 	+1.74254e+04 	+6.55461e-12 	+7.01532e+02 	+6.94704e-12 	+9.65865e-01 	-6.09542e-02 	
+7.80100e+01 	+3.61981e+04 	+1.22683e-11 	+3.59847e+04 	+9.31433e-12 	+1.74257e+04 	+1.68220e-11 	+7.03629e+02 	+1.57229e-11 	+9.65610e-01 	-6.13678e-02 	
+7.85100e+01 	+3.63748e+04 	+9.33475e-12 	+3.61634e+04 	+1.06076e-11 	+1.74259e+04 	+1.47288e-11 	+7.05697e+02 	+1.71784e-11 	+9.65355e-01 	-6.17814e-02 	
+7.90100e+01 	+3.65517e+04 	+2.78586e-11 	+3.63424e+04 	+2.69516e-11 	+1.74262e+04 	+3.81992e-11 	+7.07738e+02 	+3.47275e-11 	+9.65100e-01 	-6.21948e-02 	
+7.95100e+01 	+3.67288e+04 	+4.01224e-12 	+3.65216e+04 	+6.61810e-12 	+1.74265e+04 	+1.69465e-12 	+7.09753e+02 	+3.61036e-12 	+9.64845e-01 	-6.26081e-02 	
+8.00100e+01 	+3.69063e+04 	-3.82824e-12 	+3.67010e+04 	-1.55830e-11 	+1.74268e+04 	-1.41217e-11 	+7.11740e+02 	-1.77342e-12 	+9.64591e-01 	-6.30213e-02 	
+8.05100e+01 	+3.70840e+04 	-4.88538e-12 	+3.68807e+04 	-4.71711e-12 	+1.74270e+04 	-7.20799e-12 	+7.13702e+02 	+8.83502e-12 	+9.64337e-01 	-6.34344e-02 	
+8.10100e+01 	+3.72619e+04 	+1.55372e-11 	+3.70606e+04 	+1.58993e-11 	+1.74273e+04 	+2.25656e-11 	+7.15638e+02 	+6.69729e-12 	+9.64082e-01 	-6.38474e-02 	
+8.15100e+01 	+3.74401e+04 	+1.44250e-11 	+3.72408e+04 	+1.57512e-11 	+1.74275e+04 	+2.66473e-11 	+7.17549e+02 	-1.36221e-12 	+9.63829e-01 	-6.42603e-02 	
+8.20100e+01 	+3.76186e+04 	-5.92764e-12 	+3.74212e+04 	-1.01672e-11 	+1.74278e+04 	-1.00796e-11 	+7.19435e+02 	-4.56494e-12 	+9.63575e-01 	-6.46732e-02 	
+8.25100e+01 	+3.77973e+04 	+2.41857e-11 	+3.76018e+04 	+2.60848e-11 	+1.74280e+04 	+3.50880e-11 	+7.21297e+02 	-1.01529e-11 	+9.63321e-01 	-6.50859e-02 	
+8.30100e+01 	+3.79763e+04 	+8.51641e-12 	+3.77826e+04 	+1.17206e-11 	+1.74282e+04 	+1.42624e-11 	+7.23134e+02 	+1.72026e-11 	+9.63068e-01 	-6.54986e-02 	
+8.35100e+01 	+3.81555e+04 	-1.52184e-11 	+3.79636e+04 	-1.04267e-11 	+1.74285e+04 	-1.84853e-11 	+7.24948e+02 	-2.14438e-11 	+9.62815e-01 	-6.59112e-02 	
+8.40100e+01 	+3.83349e+04 	+1.28531e-11 	+3.81449e+04 	+1.57497e-11 	+1.74287e+04 	+1.94413e-11 	+7.26738e+02 	-3.96558e-12 	+9.62562e-01 	-6.63238e-02 	
+8.45100e+01 	+3.85146e+04 	+2.00909e-11 	+3.83264e+04 	+2.48256e-11 	+1.74289e+04 	+3.68339e-11 	+7.28505e+02 	+3.11549e-12 	+9.62309e-01 	-6.67362e-02 	
+8.50100e+01 	+3.86945e+04 	-1.35574e-12 	+3.85080e+04 	-2.99403e-13 	+1.74291e+04 	+6.47429e-13 	+7.30250e+02 	+6.80133e-12 	+9.62056e-01 	-6.71487e-02 	
+8.55100e+01 	+3.88747e+04 	-1.51717e-11 	+3.86899e+04 	-1.39385e-11 	+1.74294e+04 	-1.79627e-11 	+7.31972e+02 	-1.07573e-11 	+9.61803e-01 	-6.75610e-02 	
+8.60100e+01 	+3.90550e+04 	+4.30331e-12 	+3.88720e+04 	+3.61439e-13 	+1.74296e+04 	+3.47926e-12 	+7.33672e+02 	-1.29423e-12 	+9.61551e-01 	-6.79733e-02 	
+8.65100e+01 	+3.92356e+04 	-1.08035e-11 	+3.90543e+04 	-8.94424e-12 	+1.74298e+04 	-1.44731e-11 	+7.35350e+02 	-6.82062e-12 	+9.61298e-01 	-6.83856e-02 	
+8.70100e+01 	+3.94164e+04 	-6.05235e-12 	+3.92368e+04 	-1.06938e-12 	+1.74300e+04 	-4.97028e-12 	+7.37008e+02 	-3.15615e-11 	+9.61046e-01 	-6.87978e-02 	
+8.75100e+01 	+3.95975e+04 	-1.05739e-11 	+3.94195e+04 	-9.42169e-12 	+1.74302e+04 	-1.97167e-11 	+7.38644e+02 	-7.67617e-12 	+9.60794e-01 	-6.92099e-02 	
+8.80100e+01 	+3.97787e+04 	-8.13996e-12 	+3.96024e+04 	-6.15242e-12 	+1.74304e+04 	-6.65158e-12 	+7.40259e+02 	-5.32286e-12 	+9.60542e-01 	-6.96221e-02 	
+8.85100e+01 	+3.99602e+04 	+9.36388e-12 	+3.97854e+04 	+1.05852e-11 	+1.74306e+04 	+1.67298e-11 	+7.41854e+02 	-5.21057e-12 	+9.60290e-01 	-7.00341e-02 	
+8.90100e+01 	+4.01418e+04 	+1.13047e-11 	+3.99687e+04 	+1.83539e-11 	+1.74308e+04 	+2.32814e-11 	+7.43429e+02 	-1.16010e-11 	+9.60038e-01 	-7.04462e-02 	
+8.95100e+01 	+4.03237e+04 	-8.48025e-12 	+4.01521e+04 	-1.35965e-11 	+1.74310e+04 	-2.10150e-11 	+7.44984e+02 	+2.36399e-11 	+9.59786e-01 	-7.08582e-02 	
+9.00100e+01 	+4.05058e+04 	+1.47834e-11 	+4.03357e+04 	+1.35226e-11 	+1.74311e+04 	+1.80600e-11 	+7.46520e+02 	-3.86915e-12 	+9.59534e-01 	-7.12702e-02 	
+9.05100e+01 	+4.06880e+04 	-2.84283e-11 	+4.05195e+04 	-2.96302e-11 	+1.74313e+04 	-4.24134e-11 	+7.48036e+02 	-2.55415e-11 	+9.59282e-01 	-7.16821e-02 	
+9.10100e+01 	+4.08705e+04 	-3.02487e-11 	+4.07035e+04 	-2.83261e-11 	+1.74315e+04 	-4.02624e-11 	+7.49534e+02 	-2.41197e-11 	+9.59031e-01 	-7.20940e-02 	
+9.15100e+01 	+4.10531e+04 	+1.72185e-11 	+4.08877e+04 	+1.52135e-11 	+1.74317e+04 	+2.74177e-11 	+7.51013e+02 	-9.76420e-12 	+9.58779e-01 	-7.25059e-02 	
+9.20100e+01 	+4.12360e+04 	+3.93373e-12 	+4.10720e+04 	+1.49996e-12 	+1.74319e+04 	+2.81381e-12 	+7.52473e+02 	+2.03160e-11 	+9.58527e-01 	-7.29178e-02 	
+9.25100e+01 	+4.14190e+04 	+2.15513e-11 	+4.12565e+04 	+1.96478e-11 	+1.74320e+04 	+3.62088e-11 	+7.53916e+02 	+3.74175e-12 	+9.58276e-01 	-7.33297e-02 	
+9.30100e+01 	+4.16022e+04 	+7.02987e-12 	+4.14411e+04 	+9.18828e-12 	+1.74322e+04 	+1.40008e-11 	+7.55341e+02 	+2.46674e-11 	+9.58024e-01 	-7.37415e-02 	
+9.35100e+01 	+4.17856e+04 	-2.62216e-11 	+4.16260e+04 	-2.98444e-11 	+1.74324e+04 	-4.46183e-11 	+7.56748e+02 	-4.76606e-12 	+9.57773e-01 	-7.41533e-02 	
+9.40100e+01 	+4.19692e+04 	-7.74691e-12 	+4.18109e+04 	-1.01608e-11 	+1.74325e+04 	-1.15377e-11 	+7.58138e+02 	-4.64450e-13 	+9.57522e-01 	-7.45651e-02 	
+9.45100e+01 	+4.21530e+04 	+3.77059e-12 	+4.19961e+04 	+8.45229e-12 	+1.74327e+04 	+1.02519e-11 	+7.59511e+02 	+7.91929e-12 	+9.57270e-01 	-7.49769e-02 	
+9.50100e+01 	+4.23369e+04 	+8.04339e-12 	+4.21814e+04 	+1.22914e-11 	+1.74328e+04 	+1.16572e-11 	+7.60867e+02 	-2.33916e-11 	+9.57019e-01 	-7.53886e-02 	
+9.55100e+01 	+4.25210e+04 	-7.09131e-12 	+4.23669e+04 	-1.21731e-11 	+1.74330e+04 	-2.20714e-11 	+7.62207e+02 	-2.40041e-12 	+9.56768e-01 	-7.58004e-02 	
+9.60100e+01 	+4.27053e+04 	-1.73334e-11 	+4.25525e+04 	-1.97309e-11 	+1.74331e+04 	-2.72477e-11 	+7.63530e+02 	-2.42078e-11 	+9.56517e-01 	-7.62121e-02 	
+9.65100e+01 	+4.28898e+04 	+5.02375e-12 	+4.27383e+04 	+6.17693e-12 	+1.74333e+04 	+5.47412e-12 	+7.64838e+02 	+1.45078e-11 	+9.56265e-01 	-7.66239e-02 	
+9.70100e+01 	+4.30744e+04 	-7.45174e-12 	+4.29242e+04 	-6.40624e-12 	+1.74334e+04 	-1.19293e-11 	+7.66129e+02 	+3.94453e-12 	+9.56014e-01 	-7.70356e-02 	
+9.75100e+01 	+4.32592e+04 	-2.86248e-11 	+4.31103e+04 	-2.89677e-11 	+1.74336e+04 	-4.92884e-11 	+7.67406e+02 	-2.71542e-11 	+9.55763e-01 	-7.74473e-02 	
+9.80100e+01 	+4.34441e+04 	+8.96495e-12 	+4.32965e+04 	+7.72205e-12 	+1.74337e+04 	+1.04586e-11 	+7.68666e+02 	+2.91717e-11 	+9.55512e-01 	-7.78590e-02 	
+9.85100e+01 	+4.36292e+04 	-6.89724e-12 	+4.34829e+04 	-1.22922e-11 	+1.74339e+04 	-1.42990e-11 	+7.69912e+02 	+2.35155e-11 	+9.55261e-01 	-7.82708e-02 	
+9.90100e+01 	+4.38145e+04 	+1.37871e-11 	+4.36694e+04 	+1.67904e-11 	+1.74340e+04 	+2.74757e-11 	+7.71143e+02 	+2.96285e-11 	+9.55010e-01 	-7.86825e-02 	
