k, Re(omega1), Im(omega1), Re(omega2), Im(omega2), ... [by BO]
+1.00000e-02 	+4.75557e-03 	-1.94421e-14 	+4.70163e-03 	+6.85584e-15 	+9.31657e-01 	+1.36538e-14 	+1.49690e+00 	+5.47806e-16 	+7.46944e-01 	+6.52108e-16 	
+2.00000e-02 	+9.56368e-03 	-3.56756e-15 	+9.34791e-03 	-2.71975e-15 	+9.31674e-01 	+1.32940e-14 	+1.49697e+00 	+5.17793e-17 	+7.47155e-01 	+3.50789e-16 	
+3.00000e-02 	+1.44229e-02 	-1.46977e-15 	+1.39374e-02 	-3.59423e-15 	+9.31701e-01 	+3.41165e-14 	+1.49708e+00 	+2.75696e-16 	+7.47506e-01 	+5.73242e-16 	
+4.00000e-02 	+1.93318e-02 	+4.81524e-16 	+1.84689e-02 	-1.44814e-15 	+9.31739e-01 	+2.55089e-13 	+1.49724e+00 	+4.65556e-15 	+7.47998e-01 	-1.95070e-15 	
+5.00000e-02 	+2.42889e-02 	-1.14174e-15 	+2.29408e-02 	+1.79379e-14 	+9.31788e-01 	+1.18601e-12 	+1.49745e+00 	+3.53785e-14 	+7.48630e-01 	+2.42335e-15 	
+6.00000e-02 	+2.92928e-02 	+1.05811e-14 	+2.73520e-02 	+9.74038e-14 	+9.31849e-01 	+4.18589e-12 	+1.49771e+00 	+1.72185e-13 	+7.49402e-01 	-3.93325e-15 	
+7.00000e-02 	+3.43420e-02 	+4.50008e-14 	+3.17009e-02 	+4.38207e-13 	+9.31920e-01 	+1.21569e-11 	+1.49801e+00 	+6.57635e-13 	+7.50314e-01 	+6.07484e-17 	
+8.00000e-02 	+3.94351e-02 	+1.20822e-13 	+3.59864e-02 	+1.59402e-12 	+9.32002e-01 	+3.04884e-11 	+1.49835e+00 	+2.05118e-12 	+7.51364e-01 	+2.94123e-15 	
+9.00000e-02 	+4.45706e-02 	+2.85557e-13 	+4.02071e-02 	+4.90457e-12 	+9.32095e-01 	+6.82590e-11 	+1.49875e+00 	+5.49851e-12 	+7.52553e-01 	+3.70577e-15 	
+1.00000e-01 	+4.97469e-02 	+6.01007e-13 	+4.43617e-02 	+1.30722e-11 	+9.32199e-01 	+1.39781e-10 	+1.49919e+00 	+1.30361e-11 	+7.53880e-01 	+1.74391e-14 	
+1.10000e-01 	+5.49627e-02 	+1.16025e-12 	+4.84489e-02 	+3.05281e-11 	+9.32314e-01 	+2.66218e-10 	+1.49967e+00 	+2.78777e-11 	+7.55344e-01 	+3.68907e-14 	
+1.20000e-01 	+6.02165e-02 	+2.07968e-12 	+5.24674e-02 	+6.23085e-11 	+9.32440e-01 	+4.77204e-10 	+1.50020e+00 	+5.45550e-11 	+7.56944e-01 	+7.03404e-14 	
+1.30000e-01 	+6.55066e-02 	+3.50435e-12 	+5.64160e-02 	+1.08516e-10 	+9.32578e-01 	+8.12634e-10 	+1.50078e+00 	+9.86660e-11 	+7.58680e-01 	+1.42818e-13 	
+1.40000e-01 	+7.08318e-02 	+5.60028e-12 	+6.02933e-02 	+1.48763e-10 	+9.32726e-01 	+1.32405e-09 	+1.50140e+00 	+1.65960e-10 	+7.60552e-01 	+2.58792e-13 	
+1.50000e-01 	+7.61905e-02 	+8.55673e-12 	+6.40980e-02 	+1.07927e-10 	+9.32885e-01 	+2.07578e-09 	+1.50208e+00 	+2.60445e-10 	+7.62557e-01 	+4.58046e-13 	
+1.60000e-01 	+8.15811e-02 	+1.25958e-11 	+6.78290e-02 	-2.06315e-10 	+9.33055e-01 	+3.14535e-09 	+1.50279e+00 	+3.81172e-10 	+7.64695e-01 	+7.65604e-13 	
+1.70000e-01 	+8.70023e-02 	+1.79594e-11 	+7.14848e-02 	-1.19606e-09 	+9.33237e-01 	+4.62337e-09 	+1.50355e+00 	+5.17437e-10 	+7.66965e-01 	+1.22863e-12 	
+1.80000e-01 	+9.24526e-02 	+2.49196e-11 	+7.50640e-02 	-3.56917e-09 	+9.33429e-01 	+6.61209e-09 	+1.50436e+00 	+6.42273e-10 	+7.69367e-01 	+1.90904e-12 	
+1.90000e-01 	+9.79303e-02 	+3.37925e-11 	+7.85655e-02 	-8.34402e-09 	+9.33632e-01 	+9.22294e-09 	+1.50522e+00 	+7.04321e-10 	+7.71898e-01 	+2.87264e-12 	
+2.00000e-01 	+1.03434e-01 	+4.49350e-11 	+8.19876e-02 	-1.65461e-08 	+9.33847e-01 	+1.25725e-08 	+1.50612e+00 	+6.18490e-10 	+7.74558e-01 	+4.20111e-12 	
+2.10000e-01 	+1.08963e-01 	+5.87725e-11 	+8.53289e-02 	-2.82234e-08 	+9.34073e-01 	+1.67769e-08 	+1.50707e+00 	+2.56183e-10 	+7.77345e-01 	+5.98454e-12 	
+2.20000e-01 	+1.14514e-01 	+7.57870e-11 	+8.85878e-02 	-4.03544e-08 	+9.34310e-01 	+2.19442e-08 	+1.50806e+00 	-5.63695e-10 	+7.80258e-01 	+8.32150e-12 	
+2.30000e-01 	+1.20088e-01 	+9.65043e-11 	+9.17627e-02 	-4.36839e-08 	+9.34558e-01 	+2.81653e-08 	+1.50910e+00 	-2.08131e-09 	+7.83296e-01 	+1.13123e-11 	
+2.40000e-01 	+1.25681e-01 	+1.21458e-10 	+9.48516e-02 	-2.04115e-08 	+9.34817e-01 	+3.55021e-08 	+1.51019e+00 	-4.59799e-09 	+7.86458e-01 	+1.50721e-11 	
+2.50000e-01 	+1.31294e-01 	+1.51100e-10 	+9.78524e-02 	+5.04163e-08 	+9.35088e-01 	+4.39743e-08 	+1.51132e+00 	-8.47158e-09 	+7.89741e-01 	+1.97054e-11 	
+2.60000e-01 	+1.36923e-01 	+1.85626e-10 	+1.00763e-01 	+1.62974e-07 	+9.35370e-01 	+5.35436e-08 	+1.51250e+00 	-1.41026e-08 	+7.93145e-01 	+2.53202e-11 	
+2.70000e-01 	+1.42569e-01 	+2.24717e-10 	+1.03579e-01 	+1.97445e-07 	+9.35663e-01 	+6.40968e-08 	+1.51372e+00 	-2.19091e-08 	+7.96669e-01 	+3.19874e-11 	
+2.80000e-01 	+1.48229e-01 	+2.67124e-10 	+1.06298e-01 	-2.74817e-07 	+9.35967e-01 	+7.54265e-08 	+1.51499e+00 	-3.22881e-08 	+8.00309e-01 	+3.97956e-11 	
+2.90000e-01 	+1.53902e-01 	+3.10035e-10 	+1.08916e-01 	-2.34847e-06 	+9.36283e-01 	+8.72110e-08 	+1.51631e+00 	-4.55632e-08 	+8.04066e-01 	+4.88004e-11 	
+3.00000e-01 	+1.59586e-01 	+3.48216e-10 	+1.11426e-01 	-8.32207e-06 	+9.36610e-01 	+9.89934e-08 	+1.51767e+00 	-6.19181e-08 	+8.07937e-01 	+5.90225e-11 	
+3.10000e-01 	+1.65281e-01 	+3.72799e-10 	+1.13823e-01 	-2.23344e-05 	+9.36949e-01 	+1.10160e-07 	+1.51908e+00 	-8.13183e-08 	+8.11920e-01 	+7.04755e-11 	
+3.20000e-01 	+1.70985e-01 	+3.69701e-10 	+1.16102e-01 	-5.08727e-05 	+9.37299e-01 	+1.19920e-07 	+1.52054e+00 	-1.03424e-07 	+8.16015e-01 	+8.31289e-11 	
+3.30000e-01 	+1.76696e-01 	+3.17586e-10 	+1.18257e-01 	-1.02843e-04 	+9.37660e-01 	+1.27284e-07 	+1.52204e+00 	-1.27503e-07 	+8.20219e-01 	+9.69098e-11 	
+3.40000e-01 	+1.82412e-01 	+1.85361e-10 	+1.20288e-01 	-1.88991e-04 	+9.38033e-01 	+1.31048e-07 	+1.52359e+00 	-1.52345e-07 	+8.24531e-01 	+1.11748e-10 	
+3.50000e-01 	+1.88134e-01 	-7.08037e-11 	+1.22196e-01 	-3.20772e-04 	+9.38418e-01 	+1.29779e-07 	+1.52518e+00 	-1.76197e-07 	+8.28949e-01 	+1.27502e-10 	
+3.60000e-01 	+1.93858e-01 	-5.10823e-10 	+1.23985e-01 	-5.09022e-04 	+9.38814e-01 	+1.21801e-07 	+1.52682e+00 	-1.96724e-07 	+8.33471e-01 	+1.44031e-10 	
+3.70000e-01 	+1.99584e-01 	-1.21422e-09 	+1.25663e-01 	-7.62880e-04 	+9.39222e-01 	+1.05192e-07 	+1.52851e+00 	-2.11016e-07 	+8.38096e-01 	+1.61138e-10 	
+3.80000e-01 	+2.05310e-01 	-2.28342e-09 	+1.27239e-01 	-1.08920e-03 	+9.39641e-01 	+7.77838e-08 	+1.53024e+00 	-2.15649e-07 	+8.42822e-01 	+1.78634e-10 	
+3.90000e-01 	+2.11036e-01 	-3.84623e-09 	+1.28721e-01 	-1.49245e-03 	+9.40072e-01 	+3.71698e-08 	+1.53202e+00 	-2.06824e-07 	+8.47647e-01 	+1.96280e-10 	
+4.00000e-01 	+2.16759e-01 	-6.05658e-09 	+1.30121e-01 	-1.97495e-03 	+9.40515e-01 	-1.92787e-08 	+1.53384e+00 	-1.80585e-07 	+8.52569e-01 	+2.13831e-10 	
+4.10000e-01 	+2.22478e-01 	-9.09203e-09 	+1.31446e-01 	-2.53727e-03 	+9.40970e-01 	-9.43857e-08 	+1.53571e+00 	-1.33149e-07 	+8.57586e-01 	+2.31028e-10 	
+4.20000e-01 	+2.28191e-01 	-1.31464e-08 	+1.32705e-01 	-3.17865e-03 	+9.41436e-01 	-1.91134e-07 	+1.53762e+00 	-6.13321e-08 	+8.62698e-01 	+2.47609e-10 	
+4.30000e-01 	+2.33898e-01 	-1.84153e-08 	+1.33905e-01 	-3.89739e-03 	+9.41915e-01 	-3.12617e-07 	+1.53959e+00 	+3.69048e-08 	+8.67902e-01 	+2.63325e-10 	
+4.40000e-01 	+2.39597e-01 	-2.50705e-08 	+1.35053e-01 	-4.69118e-03 	+9.42405e-01 	-4.61975e-07 	+1.54159e+00 	+1.61796e-07 	+8.73196e-01 	+2.77882e-10 	
+4.50000e-01 	+2.45287e-01 	-3.32220e-08 	+1.36154e-01 	-5.55731e-03 	+9.42907e-01 	-6.42325e-07 	+1.54365e+00 	+3.11010e-07 	+8.78578e-01 	+2.91052e-10 	
+4.60000e-01 	+2.50965e-01 	-4.28617e-08 	+1.37212e-01 	-6.49284e-03 	+9.43422e-01 	-8.56669e-07 	+1.54575e+00 	+4.78788e-07 	+8.84048e-01 	+3.02587e-10 	
+4.70000e-01 	+2.56631e-01 	-5.37871e-08 	+1.38233e-01 	-7.49476e-03 	+9.43948e-01 	-1.10780e-06 	+1.54790e+00 	+6.55018e-07 	+8.89603e-01 	+3.12261e-10 	
+4.80000e-01 	+2.62283e-01 	-6.55030e-08 	+1.39219e-01 	-8.56004e-03 	+9.44487e-01 	-1.39817e-06 	+1.55009e+00 	+8.24254e-07 	+8.95241e-01 	+3.19875e-10 	
+4.90000e-01 	+2.67920e-01 	-7.71026e-08 	+1.40175e-01 	-9.68570e-03 	+9.45038e-01 	-1.72978e-06 	+1.55233e+00 	+9.64723e-07 	+9.00961e-01 	+3.25236e-10 	
+5.00000e-01 	+2.73541e-01 	-8.71347e-08 	+1.41101e-01 	-1.08688e-02 	+9.45601e-01 	-2.10407e-06 	+1.55461e+00 	+1.04735e-06 	+9.06762e-01 	+3.28173e-10 	
+5.10000e-01 	+2.79143e-01 	-9.34735e-08 	+1.42002e-01 	-1.21067e-02 	+9.46176e-01 	-2.52168e-06 	+1.55694e+00 	+1.03486e-06 	+9.12640e-01 	+3.28581e-10 	
+5.20000e-01 	+2.84725e-01 	-9.32230e-08 	+1.42879e-01 	-1.33965e-02 	+9.46764e-01 	-2.98242e-06 	+1.55932e+00 	+8.80959e-07 	+9.18596e-01 	+3.26308e-10 	
+5.30000e-01 	+2.90286e-01 	-8.27084e-08 	+1.43733e-01 	-1.47358e-02 	+9.47364e-01 	-3.48499e-06 	+1.56174e+00 	+5.29659e-07 	+9.24627e-01 	+3.21302e-10 	
+5.40000e-01 	+2.95824e-01 	-5.76387e-08 	+1.44566e-01 	-1.61222e-02 	+9.47977e-01 	-4.02692e-06 	+1.56421e+00 	-8.51837e-08 	+9.30732e-01 	+3.13485e-10 	
+5.50000e-01 	+3.01338e-01 	-1.35692e-08 	+1.45381e-01 	-1.75533e-02 	+9.48602e-01 	-4.60435e-06 	+1.56673e+00 	-1.04016e-06 	+9.36908e-01 	+3.02818e-10 	
+5.60000e-01 	+3.06826e-01 	+5.31509e-08 	+1.46177e-01 	-1.90269e-02 	+9.49240e-01 	-5.21189e-06 	+1.56929e+00 	-2.42234e-06 	+9.43155e-01 	+2.89291e-10 	
+5.70000e-01 	+3.12286e-01 	+1.43690e-07 	+1.46956e-01 	-2.05411e-02 	+9.49891e-01 	-5.84251e-06 	+1.57190e+00 	-4.32903e-06 	+9.49471e-01 	+2.72905e-10 	
+5.80000e-01 	+3.17717e-01 	+2.53960e-07 	+1.47720e-01 	-2.20939e-02 	+9.50554e-01 	-6.48737e-06 	+1.57456e+00 	-6.86734e-06 	+9.55855e-01 	+2.53690e-10 	
+5.90000e-01 	+3.23117e-01 	+3.70302e-07 	+1.48468e-01 	-2.36834e-02 	+9.51230e-01 	-7.13578e-06 	+1.57726e+00 	-1.01534e-05 	+9.62305e-01 	+2.31680e-10 	
+6.00000e-01 	+3.28483e-01 	+4.63096e-07 	+1.49202e-01 	-2.53078e-02 	+9.51919e-01 	-7.77509e-06 	+1.58001e+00 	-1.43112e-05 	+9.68819e-01 	+2.06924e-10 	
+6.10000e-01 	+3.33814e-01 	+4.77628e-07 	+1.49923e-01 	-2.69657e-02 	+9.52621e-01 	-8.39068e-06 	+1.58280e+00 	-1.94719e-05 	+9.75396e-01 	+1.79503e-10 	
+6.20000e-01 	+3.39108e-01 	+3.21490e-07 	+1.50630e-01 	-2.86553e-02 	+9.53337e-01 	-8.96600e-06 	+1.58564e+00 	-2.57715e-05 	+9.82035e-01 	+1.49472e-10 	
+6.30000e-01 	+3.44363e-01 	-1.52223e-07 	+1.51325e-01 	-3.03753e-02 	+9.54065e-01 	-9.48258e-06 	+1.58853e+00 	-3.33501e-05 	+9.88734e-01 	+1.16932e-10 	
+6.40000e-01 	+3.49576e-01 	-1.16661e-06 	+1.52009e-01 	-3.21242e-02 	+9.54807e-01 	-9.92026e-06 	+1.59146e+00 	-4.23498e-05 	+9.95493e-01 	+8.19326e-11 	
+6.50000e-01 	+3.54745e-01 	-3.04805e-06 	+1.52681e-01 	-3.39008e-02 	+9.55562e-01 	-1.02573e-05 	+1.59444e+00 	-5.29127e-05 	+1.00231e+00 	+4.45929e-11 	
+6.60000e-01 	+3.59868e-01 	-6.25877e-06 	+1.53342e-01 	-3.57038e-02 	+9.56331e-01 	-1.04708e-05 	+1.59746e+00 	-6.51794e-05 	+1.00918e+00 	+4.97230e-12 	
+6.70000e-01 	+3.64941e-01 	-1.14345e-05 	+1.53992e-01 	-3.75320e-02 	+9.57113e-01 	-1.05368e-05 	+1.60053e+00 	-7.92870e-05 	+1.01611e+00 	-3.68320e-11 	
+6.80000e-01 	+3.69962e-01 	-1.94262e-05 	+1.54633e-01 	-3.93844e-02 	+9.57909e-01 	-1.04311e-05 	+1.60365e+00 	-9.53674e-05 	+1.02309e+00 	-8.07473e-11 	
+6.90000e-01 	+3.74928e-01 	-3.13436e-05 	+1.55263e-01 	-4.12599e-02 	+9.58719e-01 	-1.01296e-05 	+1.60681e+00 	-1.13545e-04 	+1.03012e+00 	-1.26714e-10 	
+7.00000e-01 	+3.79835e-01 	-4.85982e-05 	+1.55884e-01 	-4.31575e-02 	+9.59543e-01 	-9.60908e-06 	+1.61002e+00 	-1.33937e-04 	+1.03721e+00 	-1.74660e-10 	
+7.10000e-01 	+3.84682e-01 	-7.29408e-05 	+1.56496e-01 	-4.50763e-02 	+9.60381e-01 	-8.84779e-06 	+1.61327e+00 	-1.56650e-04 	+1.04434e+00 	-2.24540e-10 	
+7.20000e-01 	+3.89464e-01 	-1.06492e-04 	+1.57099e-01 	-4.70155e-02 	+9.61234e-01 	-7.82660e-06 	+1.61657e+00 	-1.81778e-04 	+1.05153e+00 	-2.76310e-10 	
+7.30000e-01 	+3.94180e-01 	-1.51758e-04 	+1.57693e-01 	-4.89741e-02 	+9.62102e-01 	-6.52986e-06 	+1.61991e+00 	-2.09405e-04 	+1.05876e+00 	-3.29943e-10 	
+7.40000e-01 	+3.98826e-01 	-2.11629e-04 	+1.58279e-01 	-5.09514e-02 	+9.62984e-01 	-4.94658e-06 	+1.62329e+00 	-2.39601e-04 	+1.06604e+00 	-3.85417e-10 	
+7.50000e-01 	+4.03399e-01 	-2.89366e-04 	+1.58856e-01 	-5.29467e-02 	+9.63881e-01 	-3.07165e-06 	+1.62672e+00 	-2.72421e-04 	+1.07337e+00 	-4.42732e-10 	
+7.60000e-01 	+4.07899e-01 	-3.88554e-04 	+1.59426e-01 	-5.49593e-02 	+9.64793e-01 	-9.07184e-07 	+1.63020e+00 	-3.07909e-04 	+1.08074e+00 	-5.01889e-10 	
+7.70000e-01 	+4.12323e-01 	-5.13052e-04 	+1.59987e-01 	-5.69885e-02 	+9.65721e-01 	+1.53603e-06 	+1.63371e+00 	-3.46091e-04 	+1.08815e+00 	-5.62918e-10 	
+7.80000e-01 	+4.16669e-01 	-6.66914e-04 	+1.60541e-01 	-5.90336e-02 	+9.66665e-01 	+4.23699e-06 	+1.63727e+00 	-3.86981e-04 	+1.09561e+00 	-6.25848e-10 	
+7.90000e-01 	+4.20938e-01 	-8.54315e-04 	+1.61087e-01 	-6.10942e-02 	+9.67624e-01 	+7.16288e-06 	+1.64088e+00 	-4.30577e-04 	+1.10311e+00 	-6.90734e-10 	
+8.00000e-01 	+4.25129e-01 	-1.07946e-03 	+1.61626e-01 	-6.31695e-02 	+9.68600e-01 	+1.02674e-05 	+1.64453e+00 	-4.76864e-04 	+1.11065e+00 	-7.57631e-10 	
+8.10000e-01 	+4.29242e-01 	-1.34648e-03 	+1.62158e-01 	-6.52591e-02 	+9.69593e-01 	+1.34891e-05 	+1.64821e+00 	-5.25814e-04 	+1.11823e+00 	-8.26616e-10 	
+8.20000e-01 	+4.33278e-01 	-1.65939e-03 	+1.62683e-01 	-6.73626e-02 	+9.70602e-01 	+1.67495e-05 	+1.65195e+00 	-5.77382e-04 	+1.12584e+00 	-8.97779e-10 	
+8.30000e-01 	+4.37238e-01 	-2.02200e-03 	+1.63201e-01 	-6.94793e-02 	+9.71629e-01 	+1.99517e-05 	+1.65572e+00 	-6.31515e-04 	+1.13350e+00 	-9.71219e-10 	
+8.40000e-01 	+4.41124e-01 	-2.43783e-03 	+1.63712e-01 	-7.16089e-02 	+9.72673e-01 	+2.29782e-05 	+1.65954e+00 	-6.88146e-04 	+1.14120e+00 	-1.04703e-09 	
+8.50000e-01 	+4.44937e-01 	-2.91012e-03 	+1.64216e-01 	-7.37509e-02 	+9.73735e-01 	+2.56900e-05 	+1.66340e+00 	-7.47196e-04 	+1.14893e+00 	-1.12536e-09 	
+8.60000e-01 	+4.48680e-01 	-3.44177e-03 	+1.64714e-01 	-7.59050e-02 	+9.74815e-01 	+2.79243e-05 	+1.66730e+00 	-8.08576e-04 	+1.15669e+00 	-1.20631e-09 	
+8.70000e-01 	+4.52355e-01 	-4.03533e-03 	+1.65206e-01 	-7.80707e-02 	+9.75914e-01 	+2.94935e-05 	+1.67124e+00 	-8.72189e-04 	+1.16449e+00 	-1.29004e-09 	
+8.80000e-01 	+4.55965e-01 	-4.69300e-03 	+1.65691e-01 	-8.02477e-02 	+9.77031e-01 	+3.01843e-05 	+1.67522e+00 	-9.37929e-04 	+1.17233e+00 	-1.37669e-09 	
+8.90000e-01 	+4.59511e-01 	-5.41664e-03 	+1.66170e-01 	-8.24356e-02 	+9.78168e-01 	+2.97560e-05 	+1.67924e+00 	-1.00568e-03 	+1.18020e+00 	-1.46641e-09 	
+9.00000e-01 	+4.62997e-01 	-6.20778e-03 	+1.66643e-01 	-8.46340e-02 	+9.79324e-01 	+2.79400e-05 	+1.68331e+00 	-1.07532e-03 	+1.18810e+00 	-1.55937e-09 	
+9.10000e-01 	+4.66426e-01 	-7.06764e-03 	+1.67110e-01 	-8.68428e-02 	+9.80500e-01 	+2.44393e-05 	+1.68741e+00 	-1.14672e-03 	+1.19603e+00 	-1.65574e-09 	
+9.20000e-01 	+4.69799e-01 	-7.99716e-03 	+1.67571e-01 	-8.90616e-02 	+9.81697e-01 	+1.89281e-05 	+1.69155e+00 	-1.21976e-03 	+1.20400e+00 	-1.75569e-09 	
+9.30000e-01 	+4.73119e-01 	-8.99700e-03 	+1.68027e-01 	-9.12901e-02 	+9.82914e-01 	+1.10517e-05 	+1.69574e+00 	-1.29429e-03 	+1.21199e+00 	-1.85938e-09 	
+9.40000e-01 	+4.76389e-01 	-1.00676e-02 	+1.68476e-01 	-9.35280e-02 	+9.84152e-01 	+4.27151e-07 	+1.69996e+00 	-1.37017e-03 	+1.22002e+00 	-1.96700e-09 	
+9.50000e-01 	+4.79611e-01 	-1.12092e-02 	+1.68921e-01 	-9.57751e-02 	+9.85411e-01 	-1.33568e-05 	+1.70423e+00 	-1.44727e-03 	+1.22807e+00 	-2.07874e-09 	
+9.60000e-01 	+4.82788e-01 	-1.24218e-02 	+1.69360e-01 	-9.80311e-02 	+9.86692e-01 	-3.07382e-05 	+1.70853e+00 	-1.52543e-03 	+1.23615e+00 	-2.19476e-09 	
+9.70000e-01 	+4.85921e-01 	-1.37053e-02 	+1.69793e-01 	-1.00296e-01 	+9.87994e-01 	-5.21810e-05 	+1.71288e+00 	-1.60451e-03 	+1.24426e+00 	-2.31527e-09 	
+9.80000e-01 	+4.89012e-01 	-1.50594e-02 	+1.70221e-01 	-1.02569e-01 	+9.89319e-01 	-7.81733e-05 	+1.71726e+00 	-1.68436e-03 	+1.25240e+00 	-2.44043e-09 	
+9.90000e-01 	+4.92064e-01 	-1.64837e-02 	+1.70644e-01 	-1.04851e-01 	+9.90665e-01 	-1.09226e-04 	+1.72168e+00 	-1.76485e-03 	+1.26057e+00 	-2.57044e-09 	
+1.00000e+00 	+4.95078e-01 	-1.79778e-02 	+1.71062e-01 	-1.07140e-01 	+9.92034e-01 	-1.45870e-04 	+1.72614e+00 	-1.84581e-03 	+1.26876e+00 	-2.70547e-09 	
+1.01000e+00 	+4.98056e-01 	-1.95409e-02 	+1.71475e-01 	-1.09438e-01 	+9.93426e-01 	-1.88654e-04 	+1.73064e+00 	-1.92712e-03 	+1.27698e+00 	-2.84569e-09 	
+1.02000e+00 	+5.00999e-01 	-2.11725e-02 	+1.71883e-01 	-1.11743e-01 	+9.94840e-01 	-2.38145e-04 	+1.73518e+00 	-2.00861e-03 	+1.28522e+00 	-2.99129e-09 	
+1.03000e+00 	+5.03909e-01 	-2.28718e-02 	+1.72287e-01 	-1.14055e-01 	+9.96277e-01 	-2.94918e-04 	+1.73976e+00 	-2.09016e-03 	+1.29348e+00 	-3.14243e-09 	
+1.04000e+00 	+5.06788e-01 	-2.46380e-02 	+1.72685e-01 	-1.16375e-01 	+9.97737e-01 	-3.59563e-04 	+1.74437e+00 	-2.17163e-03 	+1.30178e+00 	-3.29928e-09 	
+1.05000e+00 	+5.09636e-01 	-2.64703e-02 	+1.73079e-01 	-1.18703e-01 	+9.99219e-01 	-4.32675e-04 	+1.74903e+00 	-2.25287e-03 	+1.31009e+00 	-3.46200e-09 	
+1.06000e+00 	+5.12455e-01 	-2.83677e-02 	+1.73468e-01 	-1.21037e-01 	+1.00072e+00 	-5.14854e-04 	+1.75372e+00 	-2.33376e-03 	+1.31843e+00 	-3.63075e-09 	
+1.07000e+00 	+5.15246e-01 	-3.03295e-02 	+1.73853e-01 	-1.23378e-01 	+1.00225e+00 	-6.06701e-04 	+1.75845e+00 	-2.41418e-03 	+1.32679e+00 	-3.80567e-09 	
+1.08000e+00 	+5.18010e-01 	-3.23546e-02 	+1.74233e-01 	-1.25726e-01 	+1.00380e+00 	-7.08816e-04 	+1.76322e+00 	-2.49399e-03 	+1.33517e+00 	-3.98691e-09 	
+1.09000e+00 	+5.20748e-01 	-3.44422e-02 	+1.74609e-01 	-1.28080e-01 	+1.00538e+00 	-8.21797e-04 	+1.76803e+00 	-2.57307e-03 	+1.34357e+00 	-4.17460e-09 	
+1.10000e+00 	+5.23460e-01 	-3.65912e-02 	+1.74981e-01 	-1.30441e-01 	+1.00697e+00 	-9.46230e-04 	+1.77287e+00 	-2.65131e-03 	+1.35200e+00 	-4.36888e-09 	
+1.11000e+00 	+5.26148e-01 	-3.88008e-02 	+1.75348e-01 	-1.32808e-01 	+1.00859e+00 	-1.08270e-03 	+1.77775e+00 	-2.72860e-03 	+1.36045e+00 	-4.56987e-09 	
+1.12000e+00 	+5.28813e-01 	-4.10698e-02 	+1.75711e-01 	-1.35182e-01 	+1.01023e+00 	-1.23177e-03 	+1.78268e+00 	-2.80483e-03 	+1.36891e+00 	-4.77767e-09 	
+1.13000e+00 	+5.31454e-01 	-4.33975e-02 	+1.76071e-01 	-1.37561e-01 	+1.01190e+00 	-1.39399e-03 	+1.78763e+00 	-2.87990e-03 	+1.37740e+00 	-4.99240e-09 	
+1.14000e+00 	+5.34073e-01 	-4.57827e-02 	+1.76426e-01 	-1.39947e-01 	+1.01358e+00 	-1.56991e-03 	+1.79263e+00 	-2.95371e-03 	+1.38591e+00 	-5.21415e-09 	
+1.15000e+00 	+5.36670e-01 	-4.82245e-02 	+1.76777e-01 	-1.42338e-01 	+1.01529e+00 	-1.76005e-03 	+1.79767e+00 	-3.02616e-03 	+1.39443e+00 	-5.44301e-09 	
+1.16000e+00 	+5.39247e-01 	-5.07221e-02 	+1.77124e-01 	-1.44736e-01 	+1.01701e+00 	-1.96491e-03 	+1.80274e+00 	-3.09719e-03 	+1.40298e+00 	-5.67906e-09 	
+1.17000e+00 	+5.41802e-01 	-5.32743e-02 	+1.77468e-01 	-1.47138e-01 	+1.01876e+00 	-2.18496e-03 	+1.80785e+00 	-3.16669e-03 	+1.41154e+00 	-5.92237e-09 	
+1.18000e+00 	+5.44337e-01 	-5.58802e-02 	+1.77807e-01 	-1.49547e-01 	+1.02053e+00 	-2.42067e-03 	+1.81299e+00 	-3.23459e-03 	+1.42012e+00 	-6.17300e-09 	
+1.19000e+00 	+5.46852e-01 	-5.85390e-02 	+1.78143e-01 	-1.51961e-01 	+1.02231e+00 	-2.67248e-03 	+1.81818e+00 	-3.30083e-03 	+1.42872e+00 	-6.43101e-09 	
+1.20000e+00 	+5.49348e-01 	-6.12496e-02 	+1.78475e-01 	-1.54380e-01 	+1.02412e+00 	-2.94080e-03 	+1.82340e+00 	-3.36533e-03 	+1.43734e+00 	-6.69642e-09 	
+1.21000e+00 	+5.51825e-01 	-6.40112e-02 	+1.78804e-01 	-1.56805e-01 	+1.02595e+00 	-3.22601e-03 	+1.82866e+00 	-3.42804e-03 	+1.44597e+00 	-6.96929e-09 	
+1.22000e+00 	+5.54283e-01 	-6.68228e-02 	+1.79129e-01 	-1.59235e-01 	+1.02779e+00 	-3.52850e-03 	+1.83395e+00 	-3.48889e-03 	+1.45462e+00 	-7.24963e-09 	
+1.23000e+00 	+5.56722e-01 	-6.96836e-02 	+1.79451e-01 	-1.61670e-01 	+1.02966e+00 	-3.84859e-03 	+1.83929e+00 	-3.54784e-03 	+1.46329e+00 	-7.53746e-09 	
+1.24000e+00 	+5.59143e-01 	-7.25925e-02 	+1.79769e-01 	-1.64110e-01 	+1.03154e+00 	-4.18661e-03 	+1.84466e+00 	-3.60484e-03 	+1.47197e+00 	-7.83279e-09 	
+1.25000e+00 	+5.61547e-01 	-7.55488e-02 	+1.80084e-01 	-1.66556e-01 	+1.03344e+00 	-4.54285e-03 	+1.85006e+00 	-3.65985e-03 	+1.48067e+00 	-8.13560e-09 	
+1.26000e+00 	+5.63932e-01 	-7.85516e-02 	+1.80396e-01 	-1.69006e-01 	+1.03535e+00 	-4.91758e-03 	+1.85551e+00 	-3.71282e-03 	+1.48939e+00 	-8.44589e-09 	
+1.27000e+00 	+5.66300e-01 	-8.16000e-02 	+1.80704e-01 	-1.71461e-01 	+1.03729e+00 	-5.31106e-03 	+1.86099e+00 	-3.76374e-03 	+1.49812e+00 	-8.76363e-09 	
+1.28000e+00 	+5.68651e-01 	-8.46932e-02 	+1.81009e-01 	-1.73921e-01 	+1.03923e+00 	-5.72349e-03 	+1.86650e+00 	-3.81257e-03 	+1.50686e+00 	-9.08881e-09 	
+1.29000e+00 	+5.70985e-01 	-8.78304e-02 	+1.81311e-01 	-1.76385e-01 	+1.04120e+00 	-6.15510e-03 	+1.87206e+00 	-3.85928e-03 	+1.51562e+00 	-9.42136e-09 	
+1.30000e+00 	+5.73302e-01 	-9.10106e-02 	+1.81609e-01 	-1.78854e-01 	+1.04318e+00 	-6.60606e-03 	+1.87765e+00 	-3.90386e-03 	+1.52440e+00 	-9.76125e-09 	
+1.31000e+00 	+5.75602e-01 	-9.42332e-02 	+1.81905e-01 	-1.81328e-01 	+1.04517e+00 	-7.07653e-03 	+1.88328e+00 	-3.94630e-03 	+1.53319e+00 	-1.01084e-08 	
+1.32000e+00 	+5.77885e-01 	-9.74973e-02 	+1.82198e-01 	-1.83807e-01 	+1.04718e+00 	-7.56665e-03 	+1.88894e+00 	-3.98657e-03 	+1.54199e+00 	-1.04628e-08 	
+1.33000e+00 	+5.80152e-01 	-1.00802e-01 	+1.82487e-01 	-1.86290e-01 	+1.04921e+00 	-8.07655e-03 	+1.89464e+00 	-4.02469e-03 	+1.55081e+00 	-1.08243e-08 	
+1.34000e+00 	+5.82402e-01 	-1.04147e-01 	+1.82774e-01 	-1.88777e-01 	+1.05124e+00 	-8.60633e-03 	+1.90037e+00 	-4.06063e-03 	+1.55964e+00 	-1.11929e-08 	
+1.35000e+00 	+5.84636e-01 	-1.07531e-01 	+1.83057e-01 	-1.91269e-01 	+1.05329e+00 	-9.15609e-03 	+1.90614e+00 	-4.09441e-03 	+1.56848e+00 	-1.15685e-08 	
+1.36000e+00 	+5.86854e-01 	-1.10953e-01 	+1.83338e-01 	-1.93765e-01 	+1.05535e+00 	-9.72588e-03 	+1.91195e+00 	-4.12602e-03 	+1.57734e+00 	-1.19509e-08 	
+1.37000e+00 	+5.89056e-01 	-1.14413e-01 	+1.83616e-01 	-1.96265e-01 	+1.05743e+00 	-1.03158e-02 	+1.91779e+00 	-4.15548e-03 	+1.58621e+00 	-1.23401e-08 	
+1.38000e+00 	+5.91241e-01 	-1.17911e-01 	+1.83891e-01 	-1.98770e-01 	+1.05951e+00 	-1.09258e-02 	+1.92367e+00 	-4.18279e-03 	+1.59509e+00 	-1.27359e-08 	
+1.39000e+00 	+5.93411e-01 	-1.21444e-01 	+1.84164e-01 	-2.01278e-01 	+1.06161e+00 	-1.15560e-02 	+1.92959e+00 	-4.20798e-03 	+1.60398e+00 	-1.31383e-08 	
+1.40000e+00 	+5.95565e-01 	-1.25013e-01 	+1.84433e-01 	-2.03791e-01 	+1.06372e+00 	-1.22063e-02 	+1.93554e+00 	-4.23104e-03 	+1.61289e+00 	-1.35471e-08 	
+1.41000e+00 	+5.97703e-01 	-1.28617e-01 	+1.84700e-01 	-2.06308e-01 	+1.06584e+00 	-1.28769e-02 	+1.94152e+00 	-4.25201e-03 	+1.62181e+00 	-1.39622e-08 	
+1.42000e+00 	+5.99826e-01 	-1.32255e-01 	+1.84965e-01 	-2.08830e-01 	+1.06797e+00 	-1.35676e-02 	+1.94754e+00 	-4.27091e-03 	+1.63074e+00 	-1.43834e-08 	
+1.43000e+00 	+6.01933e-01 	-1.35927e-01 	+1.85227e-01 	-2.11355e-01 	+1.07011e+00 	-1.42784e-02 	+1.95360e+00 	-4.28776e-03 	+1.63968e+00 	-1.48106e-08 	
+1.44000e+00 	+6.04024e-01 	-1.39631e-01 	+1.85486e-01 	-2.13884e-01 	+1.07226e+00 	-1.50094e-02 	+1.95969e+00 	-4.30258e-03 	+1.64863e+00 	-1.52436e-08 	
+1.45000e+00 	+6.06099e-01 	-1.43368e-01 	+1.85742e-01 	-2.16417e-01 	+1.07441e+00 	-1.57605e-02 	+1.96581e+00 	-4.31541e-03 	+1.65759e+00 	-1.56824e-08 	
+1.46000e+00 	+6.08160e-01 	-1.47136e-01 	+1.85996e-01 	-2.18954e-01 	+1.07658e+00 	-1.65315e-02 	+1.97197e+00 	-4.32627e-03 	+1.66657e+00 	-1.61267e-08 	
+1.47000e+00 	+6.10205e-01 	-1.50936e-01 	+1.86248e-01 	-2.21495e-01 	+1.07876e+00 	-1.73226e-02 	+1.97816e+00 	-4.33521e-03 	+1.67556e+00 	-1.65763e-08 	
+1.48000e+00 	+6.12234e-01 	-1.54765e-01 	+1.86497e-01 	-2.24040e-01 	+1.08094e+00 	-1.81335e-02 	+1.98439e+00 	-4.34225e-03 	+1.68455e+00 	-1.70312e-08 	
+1.49000e+00 	+6.14248e-01 	-1.58625e-01 	+1.86744e-01 	-2.26589e-01 	+1.08313e+00 	-1.89644e-02 	+1.99066e+00 	-4.34742e-03 	+1.69356e+00 	-1.74911e-08 	
+1.50000e+00 	+6.16247e-01 	-1.62514e-01 	+1.86988e-01 	-2.29142e-01 	+1.08533e+00 	-1.98149e-02 	+1.99695e+00 	-4.35078e-03 	+1.70258e+00 	-1.79558e-08 	
+1.51000e+00 	+6.18231e-01 	-1.66431e-01 	+1.87230e-01 	-2.31698e-01 	+1.08754e+00 	-2.06852e-02 	+2.00328e+00 	-4.35235e-03 	+1.71160e+00 	-1.84252e-08 	
+1.52000e+00 	+6.20200e-01 	-1.70377e-01 	+1.87470e-01 	-2.34259e-01 	+1.08975e+00 	-2.15750e-02 	+2.00965e+00 	-4.35217e-03 	+1.72064e+00 	-1.88990e-08 	
+1.53000e+00 	+6.22153e-01 	-1.74349e-01 	+1.87707e-01 	-2.36823e-01 	+1.09197e+00 	-2.24843e-02 	+2.01604e+00 	-4.35029e-03 	+1.72969e+00 	-1.93772e-08 	
+1.54000e+00 	+6.24092e-01 	-1.78349e-01 	+1.87942e-01 	-2.39390e-01 	+1.09420e+00 	-2.34131e-02 	+2.02247e+00 	-4.34675e-03 	+1.73874e+00 	-1.98594e-08 	
+1.55000e+00 	+6.26015e-01 	-1.82376e-01 	+1.88174e-01 	-2.41962e-01 	+1.09643e+00 	-2.43611e-02 	+2.02894e+00 	-4.34159e-03 	+1.74781e+00 	-2.03456e-08 	
+1.56000e+00 	+6.27924e-01 	-1.86428e-01 	+1.88405e-01 	-2.44537e-01 	+1.09867e+00 	-2.53284e-02 	+2.03543e+00 	-4.33486e-03 	+1.75689e+00 	-2.08354e-08 	
+1.57000e+00 	+6.29818e-01 	-1.90505e-01 	+1.88633e-01 	-2.47116e-01 	+1.10091e+00 	-2.63147e-02 	+2.04196e+00 	-4.32659e-03 	+1.76597e+00 	-2.13288e-08 	
+1.58000e+00 	+6.31697e-01 	-1.94608e-01 	+1.88858e-01 	-2.49699e-01 	+1.10316e+00 	-2.73201e-02 	+2.04852e+00 	-4.31684e-03 	+1.77506e+00 	-2.18255e-08 	
+1.59000e+00 	+6.33561e-01 	-1.98734e-01 	+1.89082e-01 	-2.52285e-01 	+1.10542e+00 	-2.83443e-02 	+2.05512e+00 	-4.30565e-03 	+1.78417e+00 	-2.23252e-08 	
+1.60000e+00 	+6.35411e-01 	-2.02885e-01 	+1.89303e-01 	-2.54875e-01 	+1.10768e+00 	-2.93872e-02 	+2.06174e+00 	-4.29306e-03 	+1.79328e+00 	-2.28279e-08 	
+1.61000e+00 	+6.37246e-01 	-2.07059e-01 	+1.89522e-01 	-2.57469e-01 	+1.10994e+00 	-3.04488e-02 	+2.06840e+00 	-4.27912e-03 	+1.80240e+00 	-2.33332e-08 	
+1.62000e+00 	+6.39067e-01 	-2.11256e-01 	+1.89739e-01 	-2.60066e-01 	+1.11221e+00 	-3.15290e-02 	+2.07509e+00 	-4.26387e-03 	+1.81153e+00 	-2.38410e-08 	
+1.63000e+00 	+6.40873e-01 	-2.15475e-01 	+1.89954e-01 	-2.62667e-01 	+1.11448e+00 	-3.26275e-02 	+2.08181e+00 	-4.24737e-03 	+1.82066e+00 	-2.43511e-08 	
+1.64000e+00 	+6.42665e-01 	-2.19717e-01 	+1.90167e-01 	-2.65271e-01 	+1.11676e+00 	-3.37443e-02 	+2.08857e+00 	-4.22965e-03 	+1.82981e+00 	-2.48632e-08 	
+1.65000e+00 	+6.44442e-01 	-2.23980e-01 	+1.90377e-01 	-2.67880e-01 	+1.11904e+00 	-3.48793e-02 	+2.09535e+00 	-4.21076e-03 	+1.83896e+00 	-2.53772e-08 	
+1.66000e+00 	+6.46205e-01 	-2.28264e-01 	+1.90586e-01 	-2.70491e-01 	+1.12133e+00 	-3.60323e-02 	+2.10217e+00 	-4.19075e-03 	+1.84812e+00 	-2.58928e-08 	
+1.67000e+00 	+6.47954e-01 	-2.32568e-01 	+1.90792e-01 	-2.73107e-01 	+1.12362e+00 	-3.72033e-02 	+2.10901e+00 	-4.16967e-03 	+1.85729e+00 	-2.64098e-08 	
+1.68000e+00 	+6.49688e-01 	-2.36893e-01 	+1.90996e-01 	-2.75726e-01 	+1.12591e+00 	-3.83920e-02 	+2.11589e+00 	-4.14755e-03 	+1.86647e+00 	-2.69280e-08 	
+1.69000e+00 	+6.51409e-01 	-2.41238e-01 	+1.91198e-01 	-2.78349e-01 	+1.12820e+00 	-3.95984e-02 	+2.12279e+00 	-4.12444e-03 	+1.87565e+00 	-2.74473e-08 	
+1.70000e+00 	+6.53116e-01 	-2.45603e-01 	+1.91397e-01 	-2.80975e-01 	+1.13050e+00 	-4.08224e-02 	+2.12973e+00 	-4.10039e-03 	+1.88485e+00 	-2.79673e-08 	
+1.71000e+00 	+6.54808e-01 	-2.49986e-01 	+1.91595e-01 	-2.83605e-01 	+1.13280e+00 	-4.20638e-02 	+2.13670e+00 	-4.07544e-03 	+1.89404e+00 	-2.84879e-08 	
+1.72000e+00 	+6.56487e-01 	-2.54388e-01 	+1.91790e-01 	-2.86238e-01 	+1.13511e+00 	-4.33225e-02 	+2.14369e+00 	-4.04963e-03 	+1.90325e+00 	-2.90088e-08 	
+1.73000e+00 	+6.58153e-01 	-2.58809e-01 	+1.91983e-01 	-2.88876e-01 	+1.13742e+00 	-4.45984e-02 	+2.15072e+00 	-4.02301e-03 	+1.91247e+00 	-2.95300e-08 	
+1.74000e+00 	+6.59804e-01 	-2.63247e-01 	+1.92174e-01 	-2.91516e-01 	+1.13973e+00 	-4.58914e-02 	+2.15777e+00 	-3.99561e-03 	+1.92169e+00 	-3.00510e-08 	
+1.75000e+00 	+6.61442e-01 	-2.67703e-01 	+1.92363e-01 	-2.94161e-01 	+1.14204e+00 	-4.72012e-02 	+2.16485e+00 	-3.96748e-03 	+1.93092e+00 	-3.05718e-08 	
+1.76000e+00 	+6.63066e-01 	-2.72176e-01 	+1.92550e-01 	-2.96809e-01 	+1.14435e+00 	-4.85280e-02 	+2.17197e+00 	-3.93865e-03 	+1.94015e+00 	-3.10922e-08 	
+1.77000e+00 	+6.64678e-01 	-2.76667e-01 	+1.92734e-01 	-2.99460e-01 	+1.14667e+00 	-4.98714e-02 	+2.17911e+00 	-3.90918e-03 	+1.94939e+00 	-3.16119e-08 	
+1.78000e+00 	+6.66275e-01 	-2.81173e-01 	+1.92917e-01 	-3.02116e-01 	+1.14899e+00 	-5.12313e-02 	+2.18627e+00 	-3.87908e-03 	+1.95864e+00 	-3.21307e-08 	
+1.79000e+00 	+6.67860e-01 	-2.85696e-01 	+1.93097e-01 	-3.04775e-01 	+1.15131e+00 	-5.26078e-02 	+2.19347e+00 	-3.84842e-03 	+1.96790e+00 	-3.26484e-08 	
+1.80000e+00 	+6.69431e-01 	-2.90235e-01 	+1.93274e-01 	-3.07437e-01 	+1.15363e+00 	-5.40005e-02 	+2.20070e+00 	-3.81721e-03 	+1.97716e+00 	-3.31649e-08 	
+1.81000e+00 	+6.70989e-01 	-2.94790e-01 	+1.93450e-01 	-3.10103e-01 	+1.15595e+00 	-5.54095e-02 	+2.20795e+00 	-3.78550e-03 	+1.98643e+00 	-3.36799e-08 	
+1.82000e+00 	+6.72534e-01 	-2.99359e-01 	+1.93623e-01 	-3.12773e-01 	+1.15828e+00 	-5.68346e-02 	+2.21523e+00 	-3.75332e-03 	+1.99570e+00 	-3.41932e-08 	
+1.83000e+00 	+6.74067e-01 	-3.03944e-01 	+1.93794e-01 	-3.15446e-01 	+1.16060e+00 	-5.82757e-02 	+2.22253e+00 	-3.72072e-03 	+2.00498e+00 	-3.47047e-08 	
+1.84000e+00 	+6.75587e-01 	-3.08543e-01 	+1.93962e-01 	-3.18124e-01 	+1.16293e+00 	-5.97327e-02 	+2.22986e+00 	-3.68771e-03 	+2.01427e+00 	-3.52141e-08 	
+1.85000e+00 	+6.77093e-01 	-3.13157e-01 	+1.94128e-01 	-3.20804e-01 	+1.16526e+00 	-6.12054e-02 	+2.23722e+00 	-3.65433e-03 	+2.02356e+00 	-3.57213e-08 	
+1.86000e+00 	+6.78588e-01 	-3.17785e-01 	+1.94292e-01 	-3.23489e-01 	+1.16759e+00 	-6.26938e-02 	+2.24461e+00 	-3.62063e-03 	+2.03286e+00 	-3.62261e-08 	
+1.87000e+00 	+6.80070e-01 	-3.22426e-01 	+1.94454e-01 	-3.26176e-01 	+1.16992e+00 	-6.41976e-02 	+2.25202e+00 	-3.58662e-03 	+2.04217e+00 	-3.67282e-08 	
+1.88000e+00 	+6.81539e-01 	-3.27081e-01 	+1.94613e-01 	-3.28868e-01 	+1.17225e+00 	-6.57170e-02 	+2.25946e+00 	-3.55233e-03 	+2.05148e+00 	-3.72276e-08 	
+1.89000e+00 	+6.82996e-01 	-3.31750e-01 	+1.94769e-01 	-3.31563e-01 	+1.17459e+00 	-6.72516e-02 	+2.26692e+00 	-3.51781e-03 	+2.06080e+00 	-3.77240e-08 	
+1.90000e+00 	+6.84441e-01 	-3.36431e-01 	+1.94923e-01 	-3.34262e-01 	+1.17692e+00 	-6.88014e-02 	+2.27441e+00 	-3.48307e-03 	+2.07012e+00 	-3.82173e-08 	
+1.91000e+00 	+6.85874e-01 	-3.41126e-01 	+1.95075e-01 	-3.36965e-01 	+1.17926e+00 	-7.03664e-02 	+2.28192e+00 	-3.44814e-03 	+2.07945e+00 	-3.87073e-08 	
+1.92000e+00 	+6.87295e-01 	-3.45832e-01 	+1.95224e-01 	-3.39671e-01 	+1.18159e+00 	-7.19463e-02 	+2.28946e+00 	-3.41305e-03 	+2.08878e+00 	-3.91938e-08 	
+1.93000e+00 	+6.88703e-01 	-3.50551e-01 	+1.95371e-01 	-3.42380e-01 	+1.18393e+00 	-7.35411e-02 	+2.29702e+00 	-3.37783e-03 	+2.09812e+00 	-3.96766e-08 	
+1.94000e+00 	+6.90101e-01 	-3.55283e-01 	+1.95515e-01 	-3.45094e-01 	+1.18626e+00 	-7.51507e-02 	+2.30461e+00 	-3.34249e-03 	+2.10747e+00 	-4.01557e-08 	
+1.95000e+00 	+6.91486e-01 	-3.60026e-01 	+1.95656e-01 	-3.47811e-01 	+1.18860e+00 	-7.67749e-02 	+2.31222e+00 	-3.30707e-03 	+2.11682e+00 	-4.06307e-08 	
+1.96000e+00 	+6.92860e-01 	-3.64780e-01 	+1.95795e-01 	-3.50531e-01 	+1.19094e+00 	-7.84138e-02 	+2.31986e+00 	-3.27159e-03 	+2.12617e+00 	-4.11017e-08 	
+1.97000e+00 	+6.94222e-01 	-3.69546e-01 	+1.95931e-01 	-3.53255e-01 	+1.19328e+00 	-8.00671e-02 	+2.32751e+00 	-3.23606e-03 	+2.13553e+00 	-4.15683e-08 	
+1.98000e+00 	+6.95573e-01 	-3.74323e-01 	+1.96064e-01 	-3.55983e-01 	+1.19561e+00 	-8.17348e-02 	+2.33520e+00 	-3.20051e-03 	+2.14490e+00 	-4.20306e-08 	
+1.99000e+00 	+6.96912e-01 	-3.79111e-01 	+1.96195e-01 	-3.58715e-01 	+1.19795e+00 	-8.34168e-02 	+2.34290e+00 	-3.16497e-03 	+2.15427e+00 	-4.24882e-08 	
+2.00000e+00 	+6.98240e-01 	-3.83910e-01 	+1.96323e-01 	-3.61450e-01 	+1.20029e+00 	-8.51129e-02 	+2.35063e+00 	-3.12944e-03 	+2.16365e+00 	-4.29412e-08 	
+2.01000e+00 	+6.99558e-01 	-3.88719e-01 	+1.96448e-01 	-3.64188e-01 	+1.20263e+00 	-8.68232e-02 	+2.35838e+00 	-3.09396e-03 	+2.17303e+00 	-4.33892e-08 	
+2.02000e+00 	+7.00864e-01 	-3.93538e-01 	+1.96570e-01 	-3.66931e-01 	+1.20497e+00 	-8.85474e-02 	+2.36616e+00 	-3.05853e-03 	+2.18241e+00 	-4.38323e-08 	
+2.03000e+00 	+7.02159e-01 	-3.98368e-01 	+1.96690e-01 	-3.69676e-01 	+1.20731e+00 	-9.02855e-02 	+2.37395e+00 	-3.02317e-03 	+2.19181e+00 	-4.42702e-08 	
+2.04000e+00 	+7.03444e-01 	-4.03208e-01 	+1.96806e-01 	-3.72426e-01 	+1.20965e+00 	-9.20374e-02 	+2.38177e+00 	-2.98791e-03 	+2.20120e+00 	-4.47028e-08 	
+2.05000e+00 	+7.04717e-01 	-4.08057e-01 	+1.96920e-01 	-3.75179e-01 	+1.21199e+00 	-9.38031e-02 	+2.38961e+00 	-2.95275e-03 	+2.21060e+00 	-4.51301e-08 	
+2.06000e+00 	+7.05981e-01 	-4.12916e-01 	+1.97031e-01 	-3.77936e-01 	+1.21433e+00 	-9.55823e-02 	+2.39747e+00 	-2.91772e-03 	+2.22001e+00 	-4.55518e-08 	
+2.07000e+00 	+7.07233e-01 	-4.17785e-01 	+1.97138e-01 	-3.80696e-01 	+1.21666e+00 	-9.73751e-02 	+2.40535e+00 	-2.88282e-03 	+2.22942e+00 	-4.59679e-08 	
+2.08000e+00 	+7.08476e-01 	-4.22662e-01 	+1.97243e-01 	-3.83460e-01 	+1.21900e+00 	-9.91813e-02 	+2.41326e+00 	-2.84807e-03 	+2.23883e+00 	-4.63783e-08 	
+2.09000e+00 	+7.09708e-01 	-4.27549e-01 	+1.97345e-01 	-3.86227e-01 	+1.22134e+00 	-1.01001e-01 	+2.42118e+00 	-2.81349e-03 	+2.24825e+00 	-4.67827e-08 	
+2.10000e+00 	+7.10929e-01 	-4.32445e-01 	+1.97443e-01 	-3.88998e-01 	+1.22368e+00 	-1.02834e-01 	+2.42912e+00 	-2.77907e-03 	+2.25767e+00 	-4.71812e-08 	
+2.11000e+00 	+7.12141e-01 	-4.37349e-01 	+1.97538e-01 	-3.91773e-01 	+1.22602e+00 	-1.04680e-01 	+2.43709e+00 	-2.74485e-03 	+2.26710e+00 	-4.75736e-08 	
+2.12000e+00 	+7.13343e-01 	-4.42262e-01 	+1.97631e-01 	-3.94551e-01 	+1.22835e+00 	-1.06539e-01 	+2.44508e+00 	-2.71082e-03 	+2.27653e+00 	-4.79598e-08 	
+2.13000e+00 	+7.14534e-01 	-4.47184e-01 	+1.97719e-01 	-3.97332e-01 	+1.23069e+00 	-1.08411e-01 	+2.45308e+00 	-2.67700e-03 	+2.28597e+00 	-4.83396e-08 	
+2.14000e+00 	+7.15716e-01 	-4.52114e-01 	+1.97805e-01 	-4.00118e-01 	+1.23303e+00 	-1.10296e-01 	+2.46111e+00 	-2.64340e-03 	+2.29541e+00 	-4.87131e-08 	
+2.15000e+00 	+7.16889e-01 	-4.57052e-01 	+1.97887e-01 	-4.02906e-01 	+1.23536e+00 	-1.12194e-01 	+2.46915e+00 	-2.61002e-03 	+2.30485e+00 	-4.90801e-08 	
+2.16000e+00 	+7.18051e-01 	-4.61997e-01 	+1.97966e-01 	-4.05699e-01 	+1.23770e+00 	-1.14105e-01 	+2.47722e+00 	-2.57688e-03 	+2.31430e+00 	-4.94406e-08 	
+2.17000e+00 	+7.19204e-01 	-4.66951e-01 	+1.98042e-01 	-4.08495e-01 	+1.24004e+00 	-1.16028e-01 	+2.48530e+00 	-2.54399e-03 	+2.32375e+00 	-4.97943e-08 	
+2.18000e+00 	+7.20348e-01 	-4.71913e-01 	+1.98114e-01 	-4.11294e-01 	+1.24237e+00 	-1.17964e-01 	+2.49340e+00 	-2.51134e-03 	+2.33321e+00 	-5.01413e-08 	
+2.19000e+00 	+7.21482e-01 	-4.76882e-01 	+1.98183e-01 	-4.14097e-01 	+1.24470e+00 	-1.19913e-01 	+2.50152e+00 	-2.47896e-03 	+2.34267e+00 	-5.04815e-08 	
+2.20000e+00 	+7.22608e-01 	-4.81859e-01 	+1.98248e-01 	-4.16904e-01 	+1.24704e+00 	-1.21874e-01 	+2.50966e+00 	-2.44684e-03 	+2.35214e+00 	-5.08148e-08 	
+2.21000e+00 	+7.23724e-01 	-4.86843e-01 	+1.98309e-01 	-4.19714e-01 	+1.24937e+00 	-1.23848e-01 	+2.51782e+00 	-2.41498e-03 	+2.36160e+00 	-5.11411e-08 	
+2.22000e+00 	+7.24830e-01 	-4.91834e-01 	+1.98367e-01 	-4.22528e-01 	+1.25170e+00 	-1.25833e-01 	+2.52600e+00 	-2.38341e-03 	+2.37108e+00 	-5.14603e-08 	
+2.23000e+00 	+7.25928e-01 	-4.96832e-01 	+1.98421e-01 	-4.25345e-01 	+1.25404e+00 	-1.27831e-01 	+2.53419e+00 	-2.35212e-03 	+2.38055e+00 	-5.17724e-08 	
+2.24000e+00 	+7.27017e-01 	-5.01838e-01 	+1.98472e-01 	-4.28166e-01 	+1.25637e+00 	-1.29842e-01 	+2.54240e+00 	-2.32111e-03 	+2.39003e+00 	-5.20773e-08 	
+2.25000e+00 	+7.28098e-01 	-5.06850e-01 	+1.98519e-01 	-4.30990e-01 	+1.25870e+00 	-1.31864e-01 	+2.55063e+00 	-2.29040e-03 	+2.39952e+00 	-5.23750e-08 	
+2.26000e+00 	+7.29169e-01 	-5.11869e-01 	+1.98561e-01 	-4.33818e-01 	+1.26103e+00 	-1.33898e-01 	+2.55888e+00 	-2.25998e-03 	+2.40901e+00 	-5.26653e-08 	
+2.27000e+00 	+7.30232e-01 	-5.16895e-01 	+1.98600e-01 	-4.36649e-01 	+1.26336e+00 	-1.35945e-01 	+2.56714e+00 	-2.22985e-03 	+2.41850e+00 	-5.29483e-08 	
+2.28000e+00 	+7.31287e-01 	-5.21927e-01 	+1.98635e-01 	-4.39484e-01 	+1.26569e+00 	-1.38003e-01 	+2.57542e+00 	-2.20003e-03 	+2.42799e+00 	-5.32239e-08 	
+2.29000e+00 	+7.32333e-01 	-5.26966e-01 	+1.98666e-01 	-4.42322e-01 	+1.26802e+00 	-1.40073e-01 	+2.58372e+00 	-2.17052e-03 	+2.43749e+00 	-5.34920e-08 	
+2.30000e+00 	+7.33370e-01 	-5.32011e-01 	+1.98693e-01 	-4.45164e-01 	+1.27034e+00 	-1.42155e-01 	+2.59203e+00 	-2.14131e-03 	+2.44699e+00 	-5.37525e-08 	
+2.31000e+00 	+7.34399e-01 	-5.37062e-01 	+1.98715e-01 	-4.48009e-01 	+1.27267e+00 	-1.44248e-01 	+2.60036e+00 	-2.11241e-03 	+2.45650e+00 	-5.40056e-08 	
+2.32000e+00 	+7.35421e-01 	-5.42119e-01 	+1.98734e-01 	-4.50858e-01 	+1.27500e+00 	-1.46353e-01 	+2.60871e+00 	-2.08382e-03 	+2.46601e+00 	-5.42510e-08 	
+2.33000e+00 	+7.36434e-01 	-5.47183e-01 	+1.98748e-01 	-4.53710e-01 	+1.27732e+00 	-1.48470e-01 	+2.61707e+00 	-2.05555e-03 	+2.47552e+00 	-5.44888e-08 	
+2.34000e+00 	+7.37439e-01 	-5.52252e-01 	+1.98758e-01 	-4.56566e-01 	+1.27965e+00 	-1.50598e-01 	+2.62545e+00 	-2.02758e-03 	+2.48503e+00 	-5.47189e-08 	
+2.35000e+00 	+7.38436e-01 	-5.57328e-01 	+1.98763e-01 	-4.59425e-01 	+1.28197e+00 	-1.52738e-01 	+2.63384e+00 	-1.99994e-03 	+2.49455e+00 	-5.49413e-08 	
+2.36000e+00 	+7.39425e-01 	-5.62409e-01 	+1.98764e-01 	-4.62287e-01 	+1.28429e+00 	-1.54889e-01 	+2.64225e+00 	-1.97261e-03 	+2.50408e+00 	-5.51560e-08 	
+2.37000e+00 	+7.40406e-01 	-5.67496e-01 	+1.98760e-01 	-4.65153e-01 	+1.28662e+00 	-1.57051e-01 	+2.65067e+00 	-1.94559e-03 	+2.51360e+00 	-5.53629e-08 	
+2.38000e+00 	+7.41380e-01 	-5.72588e-01 	+1.98752e-01 	-4.68022e-01 	+1.28894e+00 	-1.59224e-01 	+2.65911e+00 	-1.91889e-03 	+2.52313e+00 	-5.55620e-08 	
+2.39000e+00 	+7.42346e-01 	-5.77686e-01 	+1.98739e-01 	-4.70894e-01 	+1.29126e+00 	-1.61409e-01 	+2.66756e+00 	-1.89251e-03 	+2.53266e+00 	-5.57534e-08 	
+2.40000e+00 	+7.43304e-01 	-5.82790e-01 	+1.98721e-01 	-4.73770e-01 	+1.29358e+00 	-1.63605e-01 	+2.67603e+00 	-1.86645e-03 	+2.54220e+00 	-5.59369e-08 	
+2.41000e+00 	+7.44255e-01 	-5.87898e-01 	+1.98698e-01 	-4.76649e-01 	+1.29590e+00 	-1.65812e-01 	+2.68452e+00 	-1.84070e-03 	+2.55174e+00 	-5.61125e-08 	
+2.42000e+00 	+7.45198e-01 	-5.93013e-01 	+1.98671e-01 	-4.79532e-01 	+1.29822e+00 	-1.68030e-01 	+2.69301e+00 	-1.81527e-03 	+2.56128e+00 	-5.62803e-08 	
+2.43000e+00 	+7.46134e-01 	-5.98132e-01 	+1.98638e-01 	-4.82417e-01 	+1.30054e+00 	-1.70259e-01 	+2.70153e+00 	-1.79015e-03 	+2.57082e+00 	-5.64402e-08 	
+2.44000e+00 	+7.47063e-01 	-6.03257e-01 	+1.98600e-01 	-4.85306e-01 	+1.30285e+00 	-1.72499e-01 	+2.71005e+00 	-1.76534e-03 	+2.58037e+00 	-5.65922e-08 	
+2.45000e+00 	+7.47984e-01 	-6.08387e-01 	+1.98557e-01 	-4.88198e-01 	+1.30517e+00 	-1.74749e-01 	+2.71859e+00 	-1.74085e-03 	+2.58992e+00 	-5.67364e-08 	
+2.46000e+00 	+7.48898e-01 	-6.13522e-01 	+1.98509e-01 	-4.91093e-01 	+1.30749e+00 	-1.77011e-01 	+2.72714e+00 	-1.71668e-03 	+2.59947e+00 	-5.68726e-08 	
+2.47000e+00 	+7.49806e-01 	-6.18661e-01 	+1.98455e-01 	-4.93991e-01 	+1.30980e+00 	-1.79283e-01 	+2.73571e+00 	-1.69281e-03 	+2.60903e+00 	-5.70010e-08 	
+2.48000e+00 	+7.50706e-01 	-6.23806e-01 	+1.98396e-01 	-4.96892e-01 	+1.31211e+00 	-1.81566e-01 	+2.74429e+00 	-1.66925e-03 	+2.61859e+00 	-5.71215e-08 	
+2.49000e+00 	+7.51599e-01 	-6.28956e-01 	+1.98331e-01 	-4.99797e-01 	+1.31443e+00 	-1.83859e-01 	+2.75288e+00 	-1.64600e-03 	+2.62815e+00 	-5.72340e-08 	
+2.50000e+00 	+7.52485e-01 	-6.34110e-01 	+1.98261e-01 	-5.02704e-01 	+1.31674e+00 	-1.86163e-01 	+2.76149e+00 	-1.62305e-03 	+2.63772e+00 	-5.73387e-08 	
